--- Configuration Memory Analysis (based on 2947 unique wires) ---
Total unique MUX ports used: 64

Detailed MUX Input Breakdown (Top 20 most inputs):
MUX Key (x, y, pin)       | Total Inputs | Internal   | External (PI) | Conf. Bits
--------------------------+--------------+------------+------------+-----------
(1, 2, 0)                 | 58           | 26         | 32         | 6
(3, 3, 1)                 | 56           | 28         | 28         | 6
(1, 2, 1)                 | 54           | 22         | 32         | 6
(2, 3, 1)                 | 54           | 26         | 28         | 6
(3, 2, 0)                 | 53           | 22         | 31         | 6
(1, 3, 1)                 | 53           | 27         | 26         | 6
(1, 3, 2)                 | 52           | 22         | 30         | 6
(0, 2, 0)                 | 52           | 22         | 30         | 6
(0, 3, 0)                 | 52           | 21         | 31         | 6
(3, 3, 0)                 | 52           | 22         | 30         | 6
(1, 3, 0)                 | 51           | 22         | 29         | 6
(2, 2, 0)                 | 51           | 20         | 31         | 6
(2, 3, 0)                 | 51           | 22         | 29         | 6
(0, 2, 1)                 | 51           | 22         | 29         | 6
(3, 2, 1)                 | 50           | 22         | 28         | 6
(0, 2, 2)                 | 50           | 21         | 29         | 6
(0, 1, 1)                 | 50           | 21         | 29         | 6
(1, 1, 0)                 | 49           | 19         | 30         | 6
(0, 3, 2)                 | 49           | 21         | 28         | 6
(3, 1, 1)                 | 49           | 19         | 30         | 6
...

Total Configuration Bits (All MUXes): 384
