# MUX Input Counts (Threshold >= 3)
# Format: MUX_X MUX_Y MUX_PIN INPUT_COUNT
0 0 0 33
0 0 1 29
0 0 2 27
0 0 3 24
1 0 0 36
1 0 1 31
1 0 2 32
1 0 3 28
2 0 0 38
2 0 1 33
2 0 2 29
2 0 3 30
3 0 0 32
3 0 1 32
3 0 2 29
3 0 3 21
0 1 0 40
0 1 1 40
0 1 2 34
0 1 3 35
1 1 0 42
1 1 1 38
1 1 2 34
1 1 3 33
2 1 0 31
2 1 1 39
2 1 2 37
2 1 3 33
3 1 0 37
3 1 1 35
3 1 2 35
3 1 3 29
0 2 0 39
0 2 1 43
0 2 2 32
0 2 3 31
1 2 0 41
1 2 1 40
1 2 2 31
1 2 3 29
2 2 0 42
2 2 1 41
2 2 2 40
2 2 3 35
3 2 0 42
3 2 1 43
3 2 2 33
3 2 3 36
0 3 0 42
0 3 1 39
0 3 2 32
0 3 3 31
1 3 0 44
1 3 1 40
1 3 2 34
1 3 3 30
2 3 0 40
2 3 1 40
2 3 2 28
2 3 3 22
3 3 0 45
3 3 1 38
3 3 2 34
3 3 3 32
