1 0 0 3 1 0 37
0 -1 -1 3 0 0 36
3 0 0 0 2 1 35
0 2 0 3 2 0 34
7 -1 -1 3 0 0 33
2 -1 -1 2 0 0 32
2 3 0 3 0 0 32
2 1 0 1 0 0 31
3 0 0 0 1 1 31
4 -1 -1 2 0 0 30
1 0 0 2 3 0 30
1 -1 -1 1 3 0 30
2 1 0 2 2 0 29
3 2 0 2 2 0 29
0 1 0 2 2 1 29
3 -1 -1 0 0 0 29
3 3 0 2 1 1 29
2 2 0 1 3 1 29
3 0 0 0 1 0 28
1 -1 -1 0 2 0 28
2 0 0 0 0 0 28
1 -1 -1 3 0 0 28
13 -1 -1 2 2 0 28
2 3 0 3 2 2 27
2 -1 -1 0 0 0 27
2 2 0 0 2 2 27
3 1 0 0 3 1 27
5 -1 -1 2 3 0 27
2 3 0 2 1 1 27
3 2 0 0 2 0 27
3 0 0 2 2 1 27
0 0 0 2 1 1 26
2 0 0 2 1 0 26
2 2 0 0 0 0 26
0 -1 -1 0 1 1 26
0 0 0 2 2 1 26
2 0 0 3 1 0 26
9 -1 -1 3 2 0 26
3 0 0 0 0 1 26
2 1 0 3 2 0 25
1 3 0 2 1 0 25
2 2 0 2 3 0 25
3 3 0 1 0 0 25
3 3 0 1 3 2 25
3 0 0 3 1 1 25
3 0 0 1 0 1 25
1 1 0 0 3 0 25
3 3 0 0 2 3 25
1 1 0 3 3 1 25
8 -1 -1 1 2 0 25
12 -1 -1 3 1 0 25
0 -1 -1 1 1 0 25
0 -1 -1 3 1 0 25
4 -1 -1 1 3 0 25
17 -1 -1 2 3 0 25
1 0 0 1 3 0 24
3 -1 -1 1 2 0 24
1 1 0 0 2 0 24
2 0 0 3 0 0 24
0 0 0 0 1 0 24
3 -1 -1 0 1 1 24
2 3 0 2 0 0 24
0 0 0 1 2 3 24
4 -1 -1 0 3 0 24
0 3 0 2 3 1 24
2 1 0 0 2 1 24
1 1 0 1 0 1 24
10 -1 -1 1 2 0 24
0 -1 -1 2 0 1 24
2 1 0 2 2 1 24
3 0 0 1 3 1 24
1 2 0 2 2 0 24
3 0 0 3 2 1 24
0 0 0 1 3 1 24
1 1 0 2 0 0 24
3 3 0 2 3 1 24
1 0 0 2 3 1 24
18 -1 -1 3 1 0 24
3 1 0 3 3 0 23
0 3 0 0 0 1 23
1 0 0 1 1 0 23
1 3 0 2 0 1 23
0 0 0 1 1 0 23
1 1 0 3 2 0 23
8 -1 -1 1 0 1 23
9 -1 -1 1 1 2 23
2 1 0 3 1 1 23
0 3 0 1 1 3 23
5 -1 -1 0 1 1 23
2 -1 -1 1 0 0 23
0 -1 -1 0 2 0 23
1 3 0 3 3 1 23
17 -1 -1 3 1 0 23
0 3 0 3 1 0 22
5 -1 -1 3 0 1 22
1 -1 -1 1 1 0 22
3 0 0 1 1 0 22
3 1 0 3 2 0 22
0 1 0 3 1 0 22
9 -1 -1 0 0 0 22
9 -1 -1 3 0 0 22
1 3 0 0 2 1 22
0 1 0 3 1 1 22
2 0 0 1 1 0 22
3 0 0 1 1 1 22
1 -1 -1 1 0 1 22
4 -1 -1 3 2 1 22
10 -1 -1 0 1 0 22
0 0 0 1 1 1 22
4 -1 -1 1 1 1 22
0 0 0 1 2 1 22
0 2 0 1 2 1 22
4 -1 -1 0 1 0 22
6 -1 -1 3 2 0 22
2 0 0 1 2 0 22
0 0 0 0 1 1 22
8 -1 -1 1 0 0 22
5 -1 -1 1 1 0 22
0 2 0 2 1 1 22
14 -1 -1 0 3 0 22
1 3 0 0 1 0 22
13 -1 -1 0 3 0 22
12 -1 -1 1 3 0 22
3 0 0 0 3 1 22
8 -1 -1 0 1 1 21
0 1 0 3 2 0 21
6 -1 -1 1 1 1 21
1 3 0 0 3 0 21
2 2 0 1 3 0 21
2 -1 -1 0 1 0 21
2 -1 -1 2 0 1 21
2 -1 -1 1 2 3 21
1 0 0 3 0 3 21
2 0 0 0 1 1 21
3 1 0 0 2 1 21
1 1 0 1 2 0 21
2 -1 -1 3 2 1 21
9 -1 -1 1 0 0 21
0 1 0 2 3 0 21
0 2 0 1 3 0 21
4 -1 -1 3 2 0 21
3 2 0 2 3 1 21
1 2 0 2 3 1 21
15 -1 -1 2 2 0 21
7 -1 -1 0 1 0 21
0 2 0 3 3 1 21
2 3 0 0 0 1 21
1 1 0 0 1 0 21
7 -1 -1 3 2 0 21
3 1 0 0 3 3 21
10 -1 -1 1 0 0 21
0 -1 -1 1 0 0 21
0 3 0 0 0 3 21
16 -1 -1 2 1 0 21
10 -1 -1 3 3 0 21
12 -1 -1 1 1 0 21
1 1 0 2 2 1 20
10 -1 -1 2 3 0 20
2 0 0 1 0 1 20
6 -1 -1 0 0 0 20
2 0 0 0 1 0 20
7 -1 -1 1 2 0 20
1 0 0 3 1 1 20
4 -1 -1 1 2 0 20
1 0 0 0 2 0 20
3 -1 -1 3 0 0 20
0 0 0 2 1 0 20
6 -1 -1 1 1 0 20
5 -1 -1 1 1 1 20
3 1 0 2 2 1 20
3 0 0 0 0 0 20
0 -1 -1 3 3 0 20
1 -1 -1 0 0 1 20
2 0 0 2 2 0 20
0 0 0 1 0 0 20
3 -1 -1 3 3 0 20
0 0 0 3 1 1 20
3 1 0 3 2 1 20
2 1 0 3 3 1 20
5 -1 -1 3 3 0 20
6 -1 -1 2 0 0 20
3 2 0 0 0 1 20
10 -1 -1 3 2 0 20
7 -1 -1 0 0 0 20
3 1 0 2 0 1 20
15 -1 -1 1 1 0 20
0 2 0 1 0 1 20
12 -1 -1 2 3 0 20
2 1 0 2 0 1 20
16 -1 -1 2 2 0 20
3 0 0 2 0 1 20
1 1 0 3 2 1 19
6 -1 -1 1 2 1 19
2 3 0 3 3 1 19
1 -1 -1 0 0 0 19
12 -1 -1 0 1 0 19
3 0 0 2 0 0 19
3 2 0 0 3 1 19
1 1 0 2 2 0 19
2 3 0 1 2 0 19
1 2 0 0 3 0 19
2 2 0 0 3 1 19
4 -1 -1 1 1 2 19
3 -1 -1 1 0 0 19
10 -1 -1 1 0 1 19
3 2 0 2 0 3 19
2 1 0 2 2 3 19
0 2 0 0 3 0 19
1 3 0 3 0 0 19
2 1 0 3 1 0 19
0 2 0 3 2 3 19
3 0 0 2 1 1 19
3 1 0 0 0 0 19
0 3 0 3 1 1 19
5 -1 -1 1 0 1 19
3 0 0 0 2 0 19
0 -1 -1 0 0 2 19
1 3 0 3 0 1 19
14 -1 -1 3 0 1 19
3 3 0 2 0 0 19
2 1 0 3 1 3 19
9 -1 -1 2 1 0 19
3 2 0 1 1 1 19
2 3 0 3 0 2 19
0 2 0 1 2 3 19
0 1 0 2 1 0 19
11 -1 -1 3 2 0 19
3 2 0 3 1 0 19
3 -1 -1 1 2 1 19
4 -1 -1 1 0 2 19
4 -1 -1 2 3 1 19
4 -1 -1 2 1 0 19
13 -1 -1 0 0 1 19
1 -1 -1 3 1 0 19
18 -1 -1 2 0 2 19
14 -1 -1 2 0 0 19
14 -1 -1 1 0 0 19
0 1 0 1 2 3 18
3 2 0 0 0 3 18
1 0 0 1 1 1 18
1 2 0 3 3 1 18
13 -1 -1 3 2 0 18
0 0 0 0 3 1 18
0 0 0 3 1 0 18
3 1 0 1 2 0 18
1 0 0 0 1 0 18
1 2 0 1 3 1 18
3 0 0 3 1 0 18
0 -1 -1 3 2 1 18
2 0 0 1 1 1 18
2 1 0 1 2 1 18
11 -1 -1 1 1 1 18
10 -1 -1 2 0 0 18
1 0 0 2 1 1 18
0 0 0 2 2 0 18
0 3 0 1 3 0 18
1 -1 -1 2 1 0 18
0 2 0 2 3 1 18
2 -1 -1 1 2 0 18
3 2 0 3 3 0 18
3 0 0 0 3 0 18
6 -1 -1 2 0 1 18
6 -1 -1 0 2 2 18
2 1 0 3 2 1 18
12 -1 -1 3 0 0 18
11 -1 -1 1 2 3 18
2 -1 -1 1 1 3 18
0 0 0 1 0 2 18
1 0 0 0 0 3 18
1 2 0 0 0 1 18
7 -1 -1 3 1 0 18
3 -1 -1 1 1 1 18
2 -1 -1 0 2 0 18
2 3 0 0 1 3 18
3 -1 -1 1 0 1 18
6 -1 -1 3 3 0 18
1 0 0 0 0 0 18
1 0 0 3 2 3 18
7 -1 -1 2 0 1 18
0 0 0 0 3 0 18
2 2 0 0 1 1 18
1 1 0 1 3 1 18
2 0 0 3 2 0 18
3 3 0 3 2 3 18
1 -1 -1 1 0 0 18
2 1 0 3 0 0 18
0 0 0 1 0 3 18
2 0 0 2 3 0 18
0 3 0 0 2 1 18
18 -1 -1 0 1 0 18
9 -1 -1 1 1 0 18
11 -1 -1 0 0 0 18
14 -1 -1 0 0 0 18
11 -1 -1 1 2 0 18
15 -1 -1 0 1 0 18
20 -1 -1 1 2 0 18
13 -1 -1 1 1 0 18
19 -1 -1 3 2 0 18
3 0 0 2 1 2 17
0 -1 -1 1 2 2 17
3 0 0 3 1 2 17
8 -1 -1 1 3 0 17
7 -1 -1 0 0 1 17
2 3 0 2 1 3 17
1 2 0 3 2 1 17
5 -1 -1 2 0 3 17
0 -1 -1 1 0 1 17
3 3 0 0 2 1 17
0 -1 -1 1 2 1 17
3 2 0 2 3 3 17
1 -1 -1 2 3 1 17
8 -1 -1 1 1 0 17
0 3 0 2 1 3 17
0 -1 -1 1 0 2 17
2 3 0 1 3 0 17
8 -1 -1 1 1 1 17
3 0 0 1 1 2 17
3 3 0 0 3 0 17
6 -1 -1 3 1 0 17
0 1 0 3 2 1 17
2 0 0 2 1 2 17
1 -1 -1 2 2 0 17
3 2 0 0 3 3 17
6 -1 -1 3 0 1 17
7 -1 -1 0 3 0 17
2 2 0 3 3 1 17
0 -1 -1 3 0 1 17
1 2 0 3 2 3 17
3 3 0 1 2 0 17
3 1 0 2 1 0 17
10 -1 -1 1 2 2 17
1 3 0 3 0 3 17
3 2 0 1 2 0 17
3 1 0 3 0 1 17
9 -1 -1 3 0 1 17
0 3 0 1 0 0 17
9 -1 -1 0 2 0 17
5 -1 -1 3 2 0 17
2 3 0 0 2 3 17
1 -1 -1 2 3 0 17
1 2 0 0 0 0 17
3 -1 -1 0 3 0 17
9 -1 -1 1 2 2 17
1 -1 -1 0 1 1 17
3 3 0 3 2 2 17
15 -1 -1 3 2 1 17
12 -1 -1 1 1 1 17
3 3 0 1 0 3 17
6 -1 -1 3 0 0 17
4 -1 -1 2 3 0 17
16 -1 -1 3 0 1 17
21 -1 -1 0 2 2 17
7 -1 -1 1 1 0 17
14 -1 -1 2 1 0 17
18 -1 -1 3 0 0 17
2 -1 -1 1 3 0 17
9 -1 -1 2 2 0 17
17 -1 -1 3 0 1 17
17 -1 -1 0 3 0 17
15 -1 -1 2 0 0 17
12 -1 -1 0 0 0 17
3 0 0 2 3 1 17
3 -1 -1 0 1 0 16
2 0 0 3 1 1 16
0 2 0 0 3 1 16
2 3 0 3 2 3 16
3 1 0 2 2 0 16
0 1 0 0 2 0 16
2 2 0 2 3 1 16
1 0 0 2 1 0 16
10 -1 -1 2 2 0 16
4 -1 -1 3 2 2 16
1 -1 -1 3 2 0 16
0 1 0 2 0 0 16
2 1 0 0 2 0 16
0 3 0 0 2 2 16
0 1 0 1 0 3 16
8 -1 -1 3 0 2 16
0 3 0 1 2 2 16
3 -1 -1 1 1 0 16
1 0 0 2 2 2 16
3 2 0 1 3 1 16
2 -1 -1 3 1 1 16
2 -1 -1 1 1 2 16
2 1 0 0 2 3 16
0 3 0 3 0 3 16
8 -1 -1 2 0 0 16
0 1 0 2 2 3 16
1 1 0 0 2 1 16
2 -1 -1 3 0 1 16
3 1 0 0 2 3 16
1 3 0 2 3 2 16
1 0 0 2 1 2 16
1 2 0 0 3 1 16
1 -1 -1 2 2 1 16
8 -1 -1 2 2 0 16
2 2 0 1 2 1 16
4 -1 -1 0 1 1 16
1 2 0 1 3 0 16
2 0 0 0 0 1 16
0 2 0 2 1 0 16
2 2 0 2 1 2 16
0 3 0 2 3 0 16
6 -1 -1 3 1 1 16
13 -1 -1 1 0 0 16
11 -1 -1 2 0 1 16
2 2 0 2 0 0 16
0 0 0 1 1 2 16
0 2 0 0 1 0 16
7 -1 -1 2 0 0 16
1 3 0 3 1 0 16
3 1 0 2 3 0 16
0 1 0 3 3 0 16
2 0 0 1 0 3 16
0 -1 -1 2 3 0 16
14 -1 -1 0 2 1 16
17 -1 -1 0 2 0 16
1 1 0 3 1 1 16
0 0 0 3 3 0 16
3 1 0 2 0 3 16
11 -1 -1 1 1 0 16
2 0 0 1 3 0 16
3 0 0 3 3 0 16
5 -1 -1 1 2 0 16
6 -1 -1 0 0 3 16
16 -1 -1 2 1 2 16
19 -1 -1 0 2 1 16
17 -1 -1 0 0 2 16
8 -1 -1 3 0 1 16
18 -1 -1 0 1 2 16
11 -1 -1 0 1 0 16
17 -1 -1 3 1 2 16
14 -1 -1 3 3 0 16
20 -1 -1 2 2 1 16
14 -1 -1 0 2 0 16
1 1 0 2 3 0 16
1 3 0 0 1 3 16
1 0 0 0 3 1 16
18 -1 -1 0 2 0 16
4 -1 -1 1 0 0 16
10 -1 -1 1 1 1 15
2 2 0 2 3 3 15
0 2 0 1 3 1 15
10 -1 -1 3 0 2 15
2 -1 -1 3 3 0 15
1 -1 -1 2 0 3 15
2 1 0 1 2 3 15
3 2 0 0 3 0 15
0 3 0 0 1 1 15
0 1 0 0 2 1 15
4 -1 -1 3 0 3 15
1 0 0 1 1 3 15
1 1 0 1 2 1 15
3 -1 -1 3 0 1 15
1 -1 -1 3 2 1 15
0 1 0 1 1 0 15
1 1 0 1 2 3 15
2 0 0 0 0 3 15
1 2 0 2 3 0 15
3 2 0 0 1 2 15
0 2 0 3 3 0 15
16 -1 -1 1 0 0 15
0 1 0 1 2 0 15
6 -1 -1 3 0 2 15
1 -1 -1 0 1 2 15
1 2 0 0 1 0 15
1 -1 -1 2 1 3 15
2 1 0 1 1 0 15
3 0 0 2 1 0 15
1 2 0 1 1 3 15
2 3 0 0 2 0 15
2 2 0 0 3 2 15
1 1 0 1 0 0 15
2 3 0 1 2 1 15
3 1 0 2 2 3 15
4 -1 -1 1 2 2 15
0 -1 -1 1 1 3 15
3 -1 -1 0 3 2 15
2 2 0 3 3 2 15
2 3 0 3 3 0 15
0 1 0 2 3 1 15
5 -1 -1 1 1 2 15
3 2 0 2 1 0 15
1 0 0 1 2 1 15
15 -1 -1 2 1 2 15
14 -1 -1 1 0 1 15
1 3 0 0 0 1 15
1 0 0 3 3 2 15
0 -1 -1 2 1 1 15
10 -1 -1 3 0 1 15
0 0 0 1 3 0 15
5 -1 -1 0 0 1 15
3 -1 -1 3 2 0 15
2 -1 -1 2 1 1 15
14 -1 -1 1 3 0 15
1 2 0 0 0 2 15
2 1 0 0 0 3 15
3 0 0 2 0 3 15
16 -1 -1 2 3 0 15
0 3 0 1 3 1 15
12 -1 -1 0 3 0 15
2 3 0 1 0 3 15
20 -1 -1 1 3 0 15
13 -1 -1 1 2 0 15
7 -1 -1 2 1 0 15
17 -1 -1 0 1 0 15
8 -1 -1 0 0 0 15
20 -1 -1 3 1 0 15
14 -1 -1 3 2 0 15
18 -1 -1 0 2 1 15
2 0 0 3 3 1 15
20 -1 -1 3 0 2 15
23 -1 -1 1 3 0 15
16 -1 -1 0 0 0 15
13 -1 -1 3 3 0 15
3 1 0 3 2 3 14
3 2 1 3 0 0 14
3 2 0 3 1 3 14
3 1 0 0 2 0 14
9 -1 -1 0 2 3 14
0 1 0 3 2 3 14
3 2 0 2 3 0 14
5 -1 -1 2 2 1 14
3 3 1 2 1 2 14
6 -1 -1 1 2 2 14
2 3 0 2 1 2 14
3 2 1 2 3 1 14
1 0 1 2 0 0 14
8 -1 -1 0 0 3 14
1 2 0 2 3 3 14
11 -1 -1 0 3 1 14
2 1 0 0 1 3 14
3 1 0 3 2 2 14
5 -1 -1 0 0 0 14
3 1 0 1 2 1 14
1 1 0 3 0 3 14
2 0 0 0 1 3 14
0 1 0 2 1 3 14
4 -1 -1 3 3 0 14
2 2 0 1 3 3 14
0 -1 -1 0 3 0 14
0 2 0 2 3 3 14
1 -1 -1 1 2 1 14
1 1 0 0 2 3 14
10 -1 -1 0 2 1 14
1 2 0 2 3 2 14
0 3 0 2 3 3 14
5 -1 -1 2 1 1 14
8 -1 -1 2 1 1 14
1 2 1 2 2 0 14
13 -1 -1 1 1 1 14
3 -1 -1 0 0 1 14
0 3 0 3 0 0 14
7 -1 -1 0 1 1 14
1 -1 -1 2 1 1 14
2 0 0 2 3 2 14
3 2 0 3 1 1 14
2 1 0 0 3 0 14
3 3 0 1 1 2 14
11 -1 -1 2 0 0 14
1 2 0 2 0 2 14
4 -1 -1 3 0 1 14
10 -1 -1 0 0 2 14
1 0 0 3 0 1 14
0 -1 -1 1 1 2 14
2 3 0 3 2 1 14
7 -1 -1 1 1 1 14
13 -1 -1 2 0 3 14
19 -1 -1 1 1 0 14
15 -1 -1 3 2 0 14
0 -1 -1 2 1 0 14
12 -1 -1 1 2 0 14
1 1 0 0 1 1 14
18 -1 -1 0 0 0 14
15 -1 -1 0 2 0 14
2 -1 -1 1 1 0 14
20 -1 -1 0 3 2 14
14 -1 -1 0 1 3 14
22 -1 -1 2 1 0 14
0 3 0 1 1 1 14
3 0 0 3 3 1 14
20 -1 -1 0 3 0 14
9 -1 -1 1 1 3 13
1 0 0 0 1 3 13
1 2 0 1 3 2 13
3 -1 -1 2 2 2 13
2 1 0 1 2 0 13
2 -1 -1 0 1 3 13
2 1 0 2 3 2 13
6 -1 -1 1 3 1 13
2 0 0 0 2 3 13
0 0 0 2 1 2 13
7 -1 -1 2 2 1 13
0 2 0 2 3 0 13
9 -1 -1 2 2 1 13
5 -1 -1 3 3 1 13
0 1 0 0 2 2 13
0 2 0 1 3 3 13
0 0 0 0 2 0 13
2 2 0 2 3 2 13
4 -1 -1 3 1 1 13
9 -1 -1 2 1 1 13
3 3 0 1 1 0 13
0 1 1 3 3 1 13
1 0 0 0 1 1 13
0 1 1 0 0 0 13
4 -1 -1 1 0 3 13
2 0 0 2 1 1 13
8 -1 -1 2 1 0 13
4 -1 -1 3 2 3 13
0 1 0 1 3 0 13
0 2 0 3 0 3 13
3 -1 -1 2 2 1 13
0 1 0 2 2 2 13
0 2 0 0 3 2 13
3 1 0 2 2 2 13
9 -1 -1 1 0 1 13
3 2 0 1 0 2 13
3 1 0 1 2 3 13
2 -1 -1 0 2 1 13
2 2 0 0 3 3 13
2 -1 -1 0 3 1 13
11 -1 -1 2 3 1 13
1 -1 -1 1 1 2 13
3 3 0 2 3 3 13
1 1 0 3 2 3 13
1 2 0 0 0 3 13
2 -1 -1 1 2 2 13
1 -1 -1 3 0 1 13
11 -1 -1 3 0 0 13
0 -1 -1 2 3 3 13
11 -1 -1 2 1 2 13
3 3 0 3 0 1 13
7 -1 -1 2 1 2 13
0 -1 -1 0 2 1 13
0 2 1 0 3 1 13
1 0 1 1 2 1 13
16 -1 -1 0 2 2 13
1 -1 -1 3 1 3 13
2 -1 -1 2 0 2 13
2 -1 -1 0 1 1 13
2 1 0 1 3 1 13
3 0 0 0 2 3 13
5 -1 -1 2 1 0 13
3 -1 -1 2 0 0 13
11 -1 -1 3 1 1 13
13 -1 -1 0 1 2 13
15 -1 -1 1 2 1 13
0 1 0 2 0 2 13
9 -1 -1 0 1 2 13
2 2 0 0 2 0 13
6 -1 -1 1 2 0 13
19 -1 -1 2 2 0 13
15 -1 -1 1 1 2 13
21 -1 -1 3 1 2 13
15 -1 -1 1 0 0 13
19 -1 -1 3 0 0 13
22 -1 -1 0 3 0 13
16 -1 -1 2 2 1 13
19 -1 -1 2 3 2 13
20 -1 -1 2 1 0 13
8 -1 -1 2 2 1 13
20 -1 -1 3 0 0 13
13 -1 -1 3 0 1 13
10 -1 -1 3 0 0 13
14 -1 -1 3 1 1 13
1 3 0 1 0 2 13
16 -1 -1 0 2 0 13
3 -1 -1 0 2 0 13
5 -1 -1 3 0 0 13
19 -1 -1 0 1 0 13
22 -1 -1 3 1 0 13
9 -1 -1 3 3 0 13
1 0 0 2 0 2 13
18 -1 -1 3 3 0 13
10 -1 -1 0 1 2 12
12 -1 -1 2 0 2 12
1 1 1 2 2 1 12
7 -1 -1 3 3 3 12
1 2 0 0 3 2 12
12 -1 -1 2 0 1 12
0 1 1 2 2 1 12
8 -1 -1 0 1 3 12
0 2 0 2 2 2 12
5 -1 -1 0 0 2 12
5 -1 -1 2 2 0 12
1 2 1 0 3 1 12
2 2 0 0 3 0 12
3 2 1 2 2 0 12
6 -1 -1 0 3 3 12
3 3 0 0 0 3 12
2 1 0 0 1 2 12
5 -1 -1 1 1 3 12
0 -1 -1 3 2 2 12
7 -1 -1 2 1 1 12
1 -1 -1 1 2 2 12
1 1 0 2 2 3 12
0 2 0 1 3 2 12
3 1 1 3 2 1 12
3 0 1 0 1 1 12
1 2 0 3 1 0 12
6 -1 -1 2 0 2 12
9 -1 -1 3 2 2 12
3 0 0 0 1 3 12
3 3 0 1 1 3 12
1 2 0 0 3 3 12
1 0 0 2 1 3 12
7 -1 -1 1 2 3 12
5 -1 -1 0 3 1 12
5 -1 -1 2 0 0 12
1 2 0 2 1 3 12
0 1 0 0 0 2 12
2 1 0 0 0 2 12
11 -1 -1 2 3 0 12
5 -1 -1 1 0 0 12
3 -1 -1 2 0 3 12
2 2 0 3 3 3 12
1 1 1 2 2 0 12
1 2 0 1 3 3 12
5 -1 -1 1 0 2 12
2 2 0 1 3 2 12
3 1 1 2 2 1 12
8 -1 -1 3 1 2 12
3 -1 -1 2 3 3 12
3 1 0 2 3 2 12
5 -1 -1 3 1 3 12
0 0 0 3 1 3 12
14 -1 -1 1 2 1 12
1 1 0 1 2 2 12
3 2 0 0 0 2 12
3 -1 -1 3 1 1 12
1 1 0 3 3 0 12
1 0 1 0 0 0 12
8 -1 -1 0 0 2 12
0 0 1 2 2 1 12
0 -1 -1 3 0 3 12
2 0 0 2 3 3 12
7 -1 -1 1 1 2 12
1 -1 -1 3 3 1 12
6 -1 -1 2 1 1 12
7 -1 -1 3 0 3 12
5 -1 -1 3 0 3 12
8 -1 -1 2 0 3 12
2 -1 -1 0 1 2 12
5 -1 -1 0 1 2 12
2 1 0 1 1 3 12
7 -1 -1 3 2 1 12
8 -1 -1 1 2 1 12
3 -1 -1 3 1 3 12
11 -1 -1 3 0 3 12
9 -1 -1 0 1 0 12
9 -1 -1 1 0 2 12
0 -1 -1 2 0 0 12
17 -1 -1 0 1 3 12
6 -1 -1 3 1 2 12
3 1 1 2 3 1 12
8 -1 -1 0 1 0 12
1 1 0 2 1 3 12
3 3 0 0 1 2 12
12 -1 -1 1 0 2 12
5 -1 -1 0 2 0 12
2 1 1 0 3 1 12
17 -1 -1 2 1 1 12
24 -1 -1 3 0 0 12
23 -1 -1 0 1 0 12
19 -1 -1 0 0 0 12
22 -1 -1 1 2 2 12
0 1 0 1 3 1 12
15 -1 -1 1 1 1 12
5 -1 -1 2 0 1 12
2 1 0 1 1 2 12
3 0 1 0 3 1 12
9 -1 -1 2 0 2 12
24 -1 -1 1 0 0 12
21 -1 -1 0 3 0 12
15 -1 -1 1 1 3 12
11 -1 -1 3 1 0 12
3 -1 -1 0 1 2 12
21 -1 -1 1 0 2 12
16 -1 -1 0 1 0 12
5 -1 -1 1 3 3 12
1 2 0 2 2 2 12
1 2 0 0 2 2 12
0 0 0 0 2 1 12
15 -1 -1 0 0 0 12
19 -1 -1 1 0 0 12
25 -1 -1 1 2 0 12
13 -1 -1 2 1 3 12
1 2 1 1 0 0 11
14 -1 -1 0 1 2 11
11 -1 -1 1 2 1 11
0 0 0 0 1 2 11
4 -1 -1 2 1 1 11
3 0 0 2 2 3 11
3 -1 -1 2 0 2 11
3 2 0 1 3 0 11
13 -1 -1 2 3 0 11
1 1 0 3 1 2 11
0 1 0 2 2 0 11
0 1 0 2 0 3 11
3 1 0 0 2 2 11
0 1 0 1 2 2 11
3 -1 -1 1 3 3 11
2 2 0 3 3 0 11
4 -1 -1 3 3 3 11
9 -1 -1 1 2 1 11
1 2 0 3 3 2 11
15 -1 -1 2 0 1 11
13 -1 -1 0 2 3 11
1 1 0 2 2 2 11
2 0 1 0 3 1 11
1 3 0 3 1 2 11
7 -1 -1 2 3 1 11
0 -1 -1 0 3 2 11
0 1 1 3 2 1 11
0 2 0 0 3 3 11
1 1 1 3 1 1 11
7 -1 -1 3 1 3 11
1 0 0 3 1 3 11
3 0 0 2 3 2 11
1 2 0 3 3 0 11
2 2 0 0 2 1 11
0 2 0 3 1 3 11
3 2 0 2 1 2 11
2 0 0 0 1 2 11
8 -1 -1 2 3 0 11
3 0 0 1 3 0 11
3 -1 -1 3 2 1 11
1 1 1 0 2 1 11
13 -1 -1 2 2 2 11
2 1 0 1 2 2 11
1 2 1 3 3 1 11
1 1 0 3 1 3 11
9 -1 -1 2 0 0 11
10 -1 -1 3 1 2 11
3 2 0 2 3 2 11
1 0 1 0 1 1 11
1 -1 -1 1 0 3 11
4 -1 -1 1 0 1 11
2 0 0 3 1 3 11
2 2 0 1 0 2 11
18 -1 -1 1 0 1 11
3 -1 -1 1 2 2 11
2 -1 -1 3 2 0 11
11 -1 -1 0 0 1 11
13 -1 -1 2 0 2 11
1 2 0 3 2 2 11
2 2 0 3 0 2 11
3 -1 -1 2 0 1 11
2 -1 -1 3 1 3 11
1 -1 -1 2 0 1 11
6 -1 -1 1 0 0 11
2 1 0 2 3 0 11
1 0 0 1 2 2 11
1 -1 -1 0 0 3 11
11 -1 -1 0 1 2 11
12 -1 -1 3 3 0 11
7 -1 -1 1 0 3 11
11 -1 -1 1 0 2 11
1 3 0 2 3 1 11
4 -1 -1 1 2 1 11
11 -1 -1 1 0 0 11
0 2 1 2 2 1 11
0 3 0 2 0 3 11
8 -1 -1 2 0 1 11
2 3 0 3 0 1 11
17 -1 -1 2 0 2 11
1 2 0 2 1 2 11
4 -1 -1 2 0 1 11
7 -1 -1 1 2 2 11
1 2 1 1 0 1 11
6 -1 -1 2 1 0 11
1 3 0 2 1 2 11
2 0 0 3 2 2 11
0 1 0 1 3 3 11
9 -1 -1 0 0 2 11
3 2 0 1 2 3 11
17 -1 -1 0 2 1 11
22 -1 -1 3 2 1 11
7 -1 -1 3 1 1 11
21 -1 -1 2 3 0 11
17 -1 -1 3 3 1 11
17 -1 -1 2 1 3 11
17 -1 -1 0 3 1 11
18 -1 -1 2 0 0 11
20 -1 -1 1 0 3 11
23 -1 -1 3 0 0 11
11 -1 -1 0 3 0 11
2 3 0 0 0 2 11
5 -1 -1 0 2 2 11
8 -1 -1 3 3 0 11
19 -1 -1 1 1 2 11
15 -1 -1 2 1 1 11
9 -1 -1 2 0 1 11
14 -1 -1 1 3 1 11
17 -1 -1 2 0 3 11
0 0 0 3 2 1 11
0 3 0 2 2 1 11
21 -1 -1 2 1 0 11
21 -1 -1 1 0 0 11
0 -1 -1 1 2 0 11
0 1 0 1 1 2 10
2 1 0 3 2 2 10
3 3 0 3 2 1 10
0 1 1 0 2 1 10
2 0 0 0 0 2 10
0 1 0 1 1 3 10
3 2 0 3 3 1 10
9 -1 -1 1 0 3 10
2 1 0 3 2 3 10
1 0 0 0 1 2 10
3 0 0 1 1 3 10
0 -1 -1 0 1 3 10
4 -1 -1 0 3 3 10
12 -1 -1 1 3 1 10
2 0 0 2 1 3 10
0 -1 -1 0 3 3 10
2 3 0 0 1 1 10
6 -1 -1 2 1 3 10
3 -1 -1 0 3 1 10
7 -1 -1 3 0 2 10
4 -1 -1 0 3 2 10
5 -1 -1 0 2 3 10
0 -1 -1 0 0 3 10
16 -1 -1 3 2 1 10
1 1 0 3 2 2 10
5 -1 -1 1 0 3 10
0 1 1 1 1 1 10
7 -1 -1 0 1 2 10
1 0 1 2 1 1 10
1 2 1 1 3 1 10
0 2 0 2 3 2 10
7 -1 -1 0 3 2 10
1 -1 -1 3 0 3 10
1 -1 -1 2 2 2 10
3 2 0 0 3 2 10
0 2 0 3 3 2 10
3 0 0 1 0 3 10
3 2 0 1 3 3 10
2 1 1 0 2 1 10
4 -1 -1 3 1 2 10
12 -1 -1 0 0 3 10
11 -1 -1 2 1 3 10
6 -1 -1 0 0 1 10
6 -1 -1 0 1 3 10
5 -1 -1 3 1 2 10
2 -1 -1 1 0 1 10
2 1 0 3 3 0 10
10 -1 -1 1 3 2 10
0 1 0 1 1 1 10
5 -1 -1 0 2 1 10
12 -1 -1 1 2 1 10
6 -1 -1 3 2 2 10
8 -1 -1 0 2 1 10
3 0 0 0 3 2 10
17 -1 -1 1 1 3 10
6 -1 -1 1 0 1 10
0 3 0 1 0 2 10
3 -1 -1 2 1 1 10
15 -1 -1 3 0 1 10
5 -1 -1 3 0 2 10
11 -1 -1 0 2 1 10
8 -1 -1 1 2 3 10
2 -1 -1 0 2 2 10
10 -1 -1 2 3 3 10
1 2 1 0 1 1 10
10 -1 -1 2 2 1 10
20 -1 -1 1 3 1 10
13 -1 -1 3 1 2 10
2 -1 -1 2 2 2 10
18 -1 -1 3 0 3 10
12 -1 -1 3 1 1 10
23 -1 -1 3 0 2 10
21 -1 -1 0 1 2 10
12 -1 -1 2 1 0 10
22 -1 -1 3 2 2 10
20 -1 -1 0 2 0 10
23 -1 -1 3 1 1 10
16 -1 -1 3 2 3 10
10 -1 -1 1 3 1 10
16 -1 -1 0 3 0 10
14 -1 -1 1 0 3 10
20 -1 -1 2 3 1 10
0 -1 -1 3 0 2 10
15 -1 -1 3 3 1 10
0 -1 -1 2 2 0 10
24 -1 -1 0 1 0 10
2 1 0 0 3 3 10
9 -1 -1 0 0 1 10
12 -1 -1 0 1 2 10
14 -1 -1 3 0 2 10
23 -1 -1 0 0 0 10
10 -1 -1 1 1 0 10
12 -1 -1 2 1 1 10
3 2 0 3 0 0 10
1 0 0 3 2 0 10
2 1 0 1 3 3 10
2 1 0 1 0 3 10
2 1 0 2 0 3 10
20 -1 -1 2 0 2 10
22 -1 -1 1 2 1 10
19 -1 -1 1 1 3 10
15 -1 -1 0 3 0 10
1 0 1 2 0 1 10
21 -1 -1 3 0 2 10
1 -1 -1 0 3 0 10
13 -1 -1 2 0 0 10
13 -1 -1 3 1 0 10
13 -1 -1 1 3 0 10
8 -1 -1 1 3 2 10
6 -1 -1 0 0 2 10
2 0 0 2 2 1 10
9 -1 -1 3 0 2 10
11 -1 -1 0 0 2 9
0 0 1 1 0 0 9
1 3 0 1 2 1 9
5 -1 -1 0 1 3 9
2 1 1 2 2 1 9
3 0 0 3 1 3 9
3 0 0 2 1 3 9
5 -1 -1 1 2 2 9
1 1 0 0 2 2 9
0 2 0 1 1 2 9
3 2 0 1 3 2 9
1 0 0 3 1 2 9
0 1 1 0 2 2 9
3 -1 -1 0 1 3 9
2 0 0 1 1 3 9
0 0 0 2 1 3 9
5 -1 -1 1 2 1 9
3 0 1 2 1 0 9
11 -1 -1 3 0 2 9
1 1 1 0 3 2 9
1 1 1 2 0 0 9
3 1 0 0 1 3 9
1 1 2 1 3 1 9
1 1 1 3 3 0 9
1 2 1 2 1 0 9
3 -1 -1 3 3 3 9
7 -1 -1 1 0 1 9
10 -1 -1 0 2 0 9
2 0 1 0 2 0 9
2 0 0 1 1 2 9
2 0 1 0 1 1 9
2 0 1 2 1 3 9
8 -1 -1 3 2 2 9
10 -1 -1 2 2 3 9
0 3 1 0 0 1 9
0 0 1 0 1 1 9
9 -1 -1 1 2 3 9
3 3 0 0 2 0 9
6 -1 -1 0 2 3 9
0 -1 -1 2 3 1 9
2 2 0 0 1 3 9
3 -1 -1 3 1 2 9
10 -1 -1 2 1 2 9
6 -1 -1 2 1 2 9
3 -1 -1 2 1 3 9
10 -1 -1 2 0 2 9
13 -1 -1 2 0 1 9
4 -1 -1 1 1 0 9
5 -1 -1 1 3 0 9
14 -1 -1 2 0 1 9
18 -1 -1 1 2 1 9
22 -1 -1 3 0 1 9
21 -1 -1 2 0 1 9
20 -1 -1 0 1 3 9
19 -1 -1 3 1 3 9
20 -1 -1 1 0 2 9
21 -1 -1 3 2 0 9
24 -1 -1 3 1 2 9
20 -1 -1 3 1 1 9
21 -1 -1 2 3 1 9
21 -1 -1 2 0 3 9
16 -1 -1 1 2 2 9
18 -1 -1 0 0 1 9
16 -1 -1 0 1 1 9
23 -1 -1 2 0 0 9
19 -1 -1 3 2 1 9
21 -1 -1 3 1 0 9
19 -1 -1 1 3 0 9
21 -1 -1 0 0 1 9
18 -1 -1 2 2 0 9
3 1 0 3 3 2 9
6 -1 -1 2 3 0 9
21 -1 -1 0 0 0 9
3 -1 -1 2 1 0 9
23 -1 -1 1 0 0 9
16 -1 -1 0 3 1 9
16 -1 -1 3 1 1 9
16 -1 -1 1 0 1 9
8 -1 -1 0 2 0 9
22 -1 -1 1 1 0 9
2 -1 -1 2 3 2 9
0 2 1 2 0 1 9
10 -1 -1 1 1 3 9
1 2 0 3 0 3 9
1 2 0 0 1 2 9
0 -1 -1 3 3 1 9
19 -1 -1 1 3 1 9
24 -1 -1 3 2 0 9
2 -1 -1 1 2 1 9
16 -1 -1 2 0 0 9
11 -1 -1 3 1 2 9
13 -1 -1 3 0 0 9
3 -1 -1 2 1 2 9
6 -1 -1 0 3 0 9
11 -1 -1 0 1 1 9
8 -1 -1 0 2 3 9
3 2 0 1 0 3 9
6 -1 -1 1 0 2 9
3 3 0 2 2 3 9
18 -1 -1 3 2 0 9
6 -1 -1 3 2 1 9
1 -1 -1 0 3 3 9
0 3 0 2 2 3 9
2 -1 -1 0 3 3 8
5 -1 -1 2 3 2 8
3 0 1 2 2 2 8
9 -1 -1 1 3 1 8
0 1 1 3 3 2 8
2 -1 -1 0 0 1 8
1 -1 -1 1 0 2 8
9 -1 -1 3 2 1 8
2 0 1 2 1 0 8
10 -1 -1 1 3 3 8
1 3 0 3 3 3 8
3 0 1 2 1 1 8
0 1 1 2 0 0 8
1 2 1 1 3 0 8
0 1 0 1 2 1 8
0 0 2 2 1 1 8
1 1 1 1 0 1 8
1 0 1 1 2 0 8
8 -1 -1 2 2 3 8
9 -1 -1 2 1 3 8
0 3 1 0 2 2 8
0 2 1 2 2 0 8
8 -1 -1 0 2 2 8
1 1 1 3 1 0 8
2 1 0 0 2 2 8
1 1 1 3 2 2 8
3 1 0 2 0 2 8
3 0 1 1 1 0 8
2 3 1 1 1 2 8
4 -1 -1 2 2 2 8
1 3 1 1 2 2 8
12 -1 -1 0 3 1 8
2 2 1 1 3 0 8
3 0 0 0 1 2 8
3 -1 -1 3 2 2 8
1 1 1 0 1 2 8
1 -1 -1 2 3 3 8
2 1 1 0 3 0 8
6 -1 -1 2 0 3 8
3 1 0 1 2 2 8
5 -1 -1 0 3 2 8
8 -1 -1 3 3 1 8
3 2 0 3 3 3 8
1 0 1 3 0 1 8
2 0 2 0 1 1 8
7 -1 -1 2 1 3 8
3 0 0 1 3 2 8
0 2 1 2 3 2 8
14 -1 -1 2 2 2 8
0 2 0 2 1 3 8
2 1 1 1 2 3 8
3 0 1 0 0 1 8
12 -1 -1 0 2 1 8
1 2 1 2 0 2 8
2 3 0 3 3 2 8
3 1 0 2 1 2 8
0 0 0 3 3 2 8
4 -1 -1 3 0 2 8
13 -1 -1 1 2 1 8
2 -1 -1 2 2 3 8
1 -1 -1 1 2 0 8
6 -1 -1 0 3 1 8
21 -1 -1 2 0 0 8
21 -1 -1 1 1 1 8
14 -1 -1 0 3 2 8
24 -1 -1 2 1 0 8
23 -1 -1 1 2 1 8
18 -1 -1 0 0 2 8
23 -1 -1 0 0 3 8
21 -1 -1 3 3 1 8
20 -1 -1 2 3 2 8
19 -1 -1 2 1 0 8
19 -1 -1 0 3 1 8
0 1 0 0 3 3 8
26 -1 -1 2 0 0 8
14 -1 -1 2 0 3 8
22 -1 -1 1 0 0 8
19 -1 -1 3 0 3 8
12 -1 -1 0 0 1 8
17 -1 -1 1 1 2 8
12 -1 -1 1 0 1 8
15 -1 -1 0 3 3 8
20 -1 -1 1 1 1 8
24 -1 -1 1 0 2 8
22 -1 -1 1 3 3 8
18 -1 -1 3 2 1 8
12 -1 -1 1 1 3 8
12 -1 -1 0 3 2 8
21 -1 -1 1 3 0 8
13 -1 -1 2 1 0 8
19 -1 -1 0 1 1 8
0 3 0 1 0 3 8
26 -1 -1 2 0 2 8
3 1 0 2 3 1 8
13 -1 -1 3 3 1 8
19 -1 -1 3 0 1 8
16 -1 -1 2 3 1 8
2 1 0 3 0 3 8
12 -1 -1 1 2 3 8
7 -1 -1 0 3 3 8
10 -1 -1 2 1 1 8
13 -1 -1 1 0 1 8
11 -1 -1 3 0 1 8
13 -1 -1 3 0 3 8
16 -1 -1 1 2 0 8
13 -1 -1 3 0 2 8
11 -1 -1 3 3 0 8
8 -1 -1 1 2 2 8
0 1 0 0 3 1 8
19 -1 -1 1 0 2 8
11 -1 -1 2 2 0 8
23 -1 -1 2 2 0 8
18 -1 -1 0 3 2 8
17 -1 -1 2 2 0 8
17 -1 -1 1 2 0 8
1 1 1 2 2 3 7
0 0 1 2 3 1 7
3 2 1 0 3 1 7
1 1 1 1 0 0 7
1 1 2 1 3 2 7
1 -1 -1 2 0 2 7
1 0 2 3 1 1 7
2 0 1 1 3 1 7
17 -1 -1 1 0 3 7
0 1 1 1 2 1 7
18 -1 -1 3 2 3 7
0 2 1 1 2 3 7
3 2 1 0 2 2 7
0 1 0 0 2 3 7
1 1 1 3 2 1 7
1 1 1 1 2 0 7
2 0 1 3 1 3 7
3 0 1 3 1 1 7
0 3 1 1 3 0 7
2 -1 -1 3 0 2 7
0 0 0 0 1 3 7
2 0 0 3 1 2 7
2 1 1 2 3 1 7
0 1 1 3 3 0 7
0 1 1 1 0 2 7
3 -1 -1 3 0 3 7
0 1 1 1 0 0 7
3 3 2 1 0 0 7
3 2 1 3 3 1 7
7 -1 -1 3 3 2 7
2 3 1 0 0 2 7
0 1 1 3 2 0 7
0 0 0 1 1 3 7
1 2 0 1 0 3 7
1 0 1 2 1 0 7
12 -1 -1 2 2 3 7
1 0 1 3 1 1 7
1 0 0 1 1 2 7
6 -1 -1 1 3 3 7
12 -1 -1 2 1 2 7
3 1 1 3 3 0 7
0 1 0 3 2 2 7
1 1 1 0 0 3 7
1 0 2 0 1 2 7
1 1 1 0 2 0 7
2 2 1 1 3 1 7
7 -1 -1 1 0 2 7
2 0 1 2 2 0 7
1 2 1 2 3 2 7
4 -1 -1 1 2 3 7
1 2 1 3 0 0 7
2 -1 -1 3 2 2 7
17 -1 -1 3 2 1 7
3 -1 -1 3 0 2 7
15 -1 -1 3 2 3 7
12 -1 -1 1 3 3 7
14 -1 -1 3 2 3 7
9 -1 -1 0 1 3 7
1 0 1 3 0 0 7
2 0 1 2 1 2 7
10 -1 -1 3 1 3 7
1 2 0 3 3 3 7
1 0 1 0 2 0 7
0 2 1 1 3 1 7
7 -1 -1 2 0 3 7
12 -1 -1 3 2 2 7
1 0 1 2 2 2 7
3 2 1 0 1 3 7
0 1 1 0 0 3 7
13 -1 -1 1 2 2 7
1 2 0 2 1 0 7
14 -1 -1 3 1 3 7
10 -1 -1 3 2 2 7
2 2 0 1 2 0 7
13 -1 -1 1 1 3 7
6 -1 -1 2 2 1 7
2 0 1 2 1 1 7
9 -1 -1 0 3 1 7
10 -1 -1 0 0 1 7
21 -1 -1 0 1 3 7
1 -1 -1 3 2 3 7
25 -1 -1 3 2 1 7
20 -1 -1 0 0 1 7
1 2 0 3 1 2 7
17 -1 -1 1 3 2 7
16 -1 -1 0 3 2 7
22 -1 -1 2 1 3 7
17 -1 -1 1 3 1 7
16 -1 -1 3 3 2 7
16 -1 -1 1 3 2 7
20 -1 -1 0 3 1 7
25 -1 -1 0 0 0 7
26 -1 -1 1 1 1 7
23 -1 -1 0 1 1 7
1 -1 -1 3 0 2 7
17 -1 -1 2 2 3 7
2 2 1 2 3 1 7
22 -1 -1 2 2 2 7
1 -1 -1 0 2 2 7
15 -1 -1 0 0 2 7
9 -1 -1 0 0 3 7
18 -1 -1 3 3 2 7
1 1 0 2 1 2 7
12 -1 -1 3 0 1 7
3 -1 -1 2 3 0 7
1 -1 -1 0 0 2 7
19 -1 -1 1 2 3 7
27 -1 -1 1 3 0 7
21 -1 -1 3 0 3 7
4 -1 -1 2 3 3 7
15 -1 -1 2 2 2 7
10 -1 -1 2 1 3 7
19 -1 -1 0 1 2 7
24 -1 -1 2 0 0 7
26 -1 -1 3 2 3 7
27 -1 -1 0 2 0 7
23 -1 -1 2 3 3 7
29 -1 -1 3 1 0 7
2 2 0 1 1 1 7
12 -1 -1 3 2 3 7
25 -1 -1 0 3 0 7
13 -1 -1 0 3 1 7
25 -1 -1 2 3 0 7
13 -1 -1 2 3 3 7
20 -1 -1 2 0 0 7
26 -1 -1 1 2 0 7
24 -1 -1 3 1 0 7
25 -1 -1 2 2 3 7
15 -1 -1 3 3 2 7
23 -1 -1 2 3 2 7
15 -1 -1 2 3 1 7
10 -1 -1 1 0 3 7
1 -1 -1 3 3 0 7
15 -1 -1 0 2 1 7
15 -1 -1 1 3 1 7
15 -1 -1 1 0 1 7
21 -1 -1 3 0 0 7
0 0 0 2 0 3 7
0 2 0 3 0 2 7
20 -1 -1 1 2 3 7
18 -1 -1 2 0 1 7
17 -1 -1 3 0 0 7
22 -1 -1 1 1 3 7
20 -1 -1 0 2 2 7
19 -1 -1 2 1 2 7
11 -1 -1 2 2 2 7
17 -1 -1 1 1 0 7
3 -1 -1 0 0 2 7
18 -1 -1 3 2 2 7
15 -1 -1 0 2 2 7
8 -1 -1 1 1 3 7
12 -1 -1 0 1 3 7
26 -1 -1 3 2 0 7
18 -1 -1 2 1 0 7
14 -1 -1 3 2 2 7
0 -1 -1 0 0 1 7
22 -1 -1 1 2 0 7
2 3 0 1 0 0 7
14 -1 -1 1 1 1 7
19 -1 -1 1 2 2 7
3 2 1 3 1 1 7
19 -1 -1 0 2 0 7
16 -1 -1 3 0 2 7
3 -1 -1 0 2 3 7
7 -1 -1 1 3 3 6
0 1 1 1 2 0 6
3 0 1 0 1 3 6
14 -1 -1 1 1 2 6
1 1 1 2 1 3 6
3 0 1 3 3 0 6
2 2 1 3 3 1 6
3 3 2 2 1 1 6
1 3 1 3 1 3 6
0 2 0 3 3 3 6
3 2 0 3 3 2 6
3 2 1 1 3 0 6
1 0 1 1 1 3 6
0 0 1 0 1 0 6
0 0 1 3 1 0 6
2 1 1 0 0 0 6
3 2 0 1 1 3 6
0 1 1 3 1 2 6
3 2 1 1 3 1 6
2 0 1 0 1 2 6
2 0 1 0 0 2 6
1 0 1 3 1 2 6
2 0 1 1 3 0 6
2 0 1 0 1 0 6
0 2 2 3 3 1 6
2 -1 -1 1 3 3 6
3 0 1 1 1 3 6
3 3 1 2 3 1 6
0 0 1 3 3 0 6
1 2 2 1 3 1 6
2 1 1 1 2 0 6
1 0 1 0 1 0 6
8 -1 -1 2 3 3 6
3 0 2 0 1 1 6
1 2 1 3 3 2 6
2 1 1 0 2 2 6
2 2 1 2 3 2 6
1 -1 -1 0 3 2 6
0 2 1 1 3 2 6
0 3 0 0 2 0 6
2 -1 -1 2 1 3 6
16 -1 -1 3 0 3 6
0 1 1 3 2 3 6
0 0 1 3 1 1 6
2 0 1 1 1 2 6
6 -1 -1 3 3 3 6
1 0 1 1 3 3 6
2 0 1 3 1 2 6
0 0 0 3 1 2 6
7 -1 -1 0 0 2 6
4 -1 -1 0 2 2 6
3 0 1 0 0 2 6
1 -1 -1 3 3 3 6
2 1 2 3 2 1 6
0 2 1 3 3 1 6
11 -1 -1 3 3 3 6
4 -1 -1 2 2 3 6
1 0 1 1 1 1 6
0 0 1 1 3 0 6
3 1 1 0 2 2 6
1 1 0 3 3 2 6
1 0 1 0 1 3 6
3 0 1 3 2 0 6
6 -1 -1 3 2 3 6
0 0 1 2 2 3 6
1 1 1 3 0 0 6
2 0 1 0 1 3 6
2 1 1 2 3 2 6
2 1 1 1 1 3 6
3 2 0 1 1 2 6
3 2 1 1 2 1 6
10 -1 -1 3 2 1 6
14 -1 -1 3 1 2 6
2 -1 -1 2 0 3 6
2 1 1 3 2 1 6
0 2 0 1 1 0 6
11 -1 -1 3 2 3 6
3 2 0 0 2 1 6
24 -1 -1 1 0 1 6
23 -1 -1 2 2 2 6
15 -1 -1 1 3 2 6
22 -1 -1 3 2 3 6
24 -1 -1 2 0 2 6
15 -1 -1 2 0 3 6
16 -1 -1 1 3 3 6
26 -1 -1 3 1 2 6
15 -1 -1 0 2 3 6
14 -1 -1 1 3 3 6
25 -1 -1 2 1 3 6
25 -1 -1 1 1 0 6
24 -1 -1 2 1 1 6
21 -1 -1 1 3 3 6
23 -1 -1 2 1 3 6
24 -1 -1 3 3 2 6
26 -1 -1 1 1 3 6
19 -1 -1 0 2 2 6
19 -1 -1 1 1 1 6
22 -1 -1 2 3 3 6
8 -1 -1 2 0 2 6
4 -1 -1 3 1 3 6
21 -1 -1 1 1 0 6
11 -1 -1 3 2 2 6
8 -1 -1 3 0 3 6
1 3 1 2 3 2 6
22 -1 -1 0 2 0 6
15 -1 -1 1 0 3 6
13 -1 -1 1 3 2 6
23 -1 -1 1 3 1 6
27 -1 -1 1 3 2 6
12 -1 -1 0 2 3 6
12 -1 -1 1 3 2 6
15 -1 -1 2 3 0 6
2 -1 -1 3 0 3 6
0 0 1 0 2 1 6
23 -1 -1 1 1 3 6
17 -1 -1 3 2 3 6
25 -1 -1 2 0 0 6
0 3 0 1 0 1 6
0 2 0 0 0 1 6
0 -1 -1 2 2 3 6
19 -1 -1 0 3 3 6
11 -1 -1 0 3 2 6
20 -1 -1 1 3 3 6
2 -1 -1 2 3 0 6
16 -1 -1 1 3 1 6
16 -1 -1 0 2 1 6
16 -1 -1 0 0 1 6
18 -1 -1 1 3 2 6
2 -1 -1 2 1 0 6
26 -1 -1 1 3 0 6
2 0 0 0 3 2 6
2 -1 -1 1 3 2 6
16 -1 -1 0 0 3 6
16 -1 -1 3 2 2 6
15 -1 -1 0 0 1 6
7 -1 -1 1 2 1 6
4 -1 -1 2 3 2 6
14 -1 -1 2 0 2 6
8 -1 -1 2 3 2 6
1 0 1 0 3 1 6
0 0 0 3 0 2 6
0 3 0 0 1 0 6
13 -1 -1 0 0 0 6
3 -1 -1 1 1 2 6
23 -1 -1 3 2 2 6
9 -1 -1 1 3 2 6
22 -1 -1 1 1 1 6
14 -1 -1 2 2 0 6
13 -1 -1 3 1 1 6
3 1 0 1 0 3 6
6 -1 -1 2 2 0 6
26 -1 -1 3 0 0 6
12 -1 -1 1 2 2 6
25 -1 -1 2 0 3 6
12 -1 -1 2 2 0 6
14 -1 -1 2 1 2 6
20 -1 -1 2 3 0 6
1 1 0 3 0 1 6
0 1 0 1 3 2 6
21 -1 -1 2 2 1 6
18 -1 -1 3 0 1 6
1 -1 -1 0 1 0 6
1 0 0 1 3 3 6
17 -1 -1 0 0 0 6
0 -1 -1 2 0 2 6
20 -1 -1 3 2 1 6
1 2 1 0 3 0 5
3 0 1 3 1 0 5
13 -1 -1 1 1 2 5
2 1 1 2 2 0 5
3 0 1 2 1 2 5
2 0 2 3 1 1 5
2 0 1 1 1 1 5
0 1 2 0 2 1 5
3 2 1 3 3 0 5
1 1 1 3 2 0 5
2 0 1 3 1 0 5
2 0 1 3 3 2 5
3 0 1 0 1 0 5
14 -1 -1 0 0 2 5
0 1 1 2 2 0 5
3 0 1 3 1 2 5
0 2 1 2 0 0 5
3 1 2 3 2 0 5
0 3 1 0 1 0 5
3 2 1 2 3 0 5
2 1 2 2 2 1 5
0 0 1 3 1 2 5
1 0 2 2 1 0 5
3 0 2 2 2 1 5
1 2 1 3 3 0 5
0 0 1 1 1 3 5
1 1 1 1 2 1 5
3 2 1 0 3 0 5
3 2 2 1 1 1 5
2 0 1 1 1 0 5
0 2 1 2 3 0 5
0 2 2 0 3 1 5
1 2 1 0 3 2 5
2 1 1 1 2 1 5
1 2 1 2 3 1 5
0 1 1 1 2 3 5
2 1 1 2 2 3 5
2 2 2 0 3 0 5
1 2 2 3 3 1 5
1 0 1 3 1 3 5
1 3 1 3 1 1 5
3 1 1 3 2 2 5
1 0 1 2 1 3 5
2 3 1 1 2 1 5
2 1 1 2 0 2 5
2 3 1 3 3 0 5
3 1 1 1 2 2 5
2 1 1 3 2 2 5
3 2 1 1 3 2 5
0 3 1 3 1 2 5
0 2 1 2 3 3 5
0 1 1 2 2 2 5
3 0 1 1 1 1 5
0 2 1 1 2 0 5
0 0 1 1 2 1 5
1 2 1 1 3 3 5
3 2 1 0 0 2 5
12 -1 -1 3 1 3 5
3 0 1 2 0 0 5
1 1 1 0 0 2 5
13 -1 -1 2 3 2 5
0 1 2 2 2 0 5
12 -1 -1 1 1 2 5
0 2 1 2 3 1 5
0 0 1 1 2 0 5
1 1 1 3 3 3 5
11 -1 -1 0 3 3 5
8 -1 -1 3 1 3 5
1 1 0 2 1 0 5
2 -1 -1 2 3 3 5
3 1 1 2 1 1 5
0 -1 -1 3 3 3 5
3 0 1 2 3 1 5
2 1 0 2 0 0 5
18 -1 -1 2 0 3 5
22 -1 -1 1 3 2 5
18 -1 -1 2 3 3 5
20 -1 -1 0 3 3 5
22 -1 -1 0 3 1 5
25 -1 -1 2 3 2 5
24 -1 -1 3 2 3 5
24 -1 -1 1 1 3 5
11 -1 -1 1 3 2 5
26 -1 -1 0 2 0 5
27 -1 -1 0 0 0 5
18 -1 -1 1 1 3 5
29 -1 -1 0 0 0 5
30 -1 -1 1 0 0 5
24 -1 -1 0 1 1 5
9 -1 -1 2 3 0 5
21 -1 -1 2 3 3 5
0 0 1 1 3 1 5
9 -1 -1 2 0 3 5
4 -1 -1 0 1 3 5
25 -1 -1 3 3 0 5
27 -1 -1 3 3 3 5
18 -1 -1 0 3 3 5
26 -1 -1 2 1 0 5
22 -1 -1 0 1 3 5
24 -1 -1 3 0 1 5
25 -1 -1 0 0 1 5
2 2 1 1 0 1 5
23 -1 -1 2 1 2 5
13 -1 -1 3 2 2 5
15 -1 -1 2 2 3 5
24 -1 -1 2 0 1 5
27 -1 -1 1 2 1 5
21 -1 -1 1 2 0 5
18 -1 -1 1 1 1 5
2 0 1 0 0 3 5
15 -1 -1 3 0 3 5
22 -1 -1 2 3 2 5
25 -1 -1 2 1 2 5
3 1 1 3 0 0 5
15 -1 -1 3 1 2 5
5 -1 -1 0 0 3 5
14 -1 -1 1 2 2 5
1 2 0 1 1 2 5
23 -1 -1 1 3 3 5
10 -1 -1 3 3 3 5
1 0 1 1 2 3 5
2 -1 -1 3 1 0 5
15 -1 -1 3 1 1 5
4 -1 -1 0 2 1 5
2 1 1 1 1 1 5
0 3 1 1 1 3 5
18 -1 -1 1 2 3 5
2 1 0 3 3 2 5
23 -1 -1 2 3 1 5
14 -1 -1 0 0 3 5
20 -1 -1 0 1 1 5
16 -1 -1 2 0 2 5
18 -1 -1 3 3 1 5
3 -1 -1 2 2 3 5
2 1 1 3 3 1 5
26 -1 -1 1 1 2 5
2 1 1 0 3 2 5
22 -1 -1 3 1 2 5
1 1 1 3 1 3 5
21 -1 -1 2 2 3 5
11 -1 -1 0 2 2 5
16 -1 -1 0 1 3 5
1 2 1 1 1 1 5
8 -1 -1 0 3 2 5
14 -1 -1 1 1 3 5
22 -1 -1 3 1 3 5
19 -1 -1 2 0 0 5
21 -1 -1 3 2 1 5
22 -1 -1 2 1 1 5
22 -1 -1 0 1 1 5
20 -1 -1 2 0 1 5
16 -1 -1 3 1 0 5
10 -1 -1 1 0 2 5
5 -1 -1 3 2 1 5
16 -1 -1 2 2 2 5
1 0 1 3 3 1 5
15 -1 -1 3 0 0 5
16 -1 -1 1 1 0 5
0 1 1 0 2 0 4
1 2 1 2 3 0 4
1 1 2 2 2 1 4
0 0 1 0 2 2 4
2 0 2 2 1 1 4
2 1 0 2 2 2 4
3 2 2 0 3 2 4
1 2 1 3 2 0 4
2 2 1 0 3 0 4
2 2 1 2 3 0 4
0 0 1 3 1 3 4
3 1 1 2 2 0 4
3 1 1 2 2 3 4
2 2 2 2 3 0 4
4 -1 -1 1 1 3 4
1 1 1 3 0 2 4
1 1 2 0 2 1 4
7 -1 -1 3 2 2 4
3 0 2 3 1 1 4
2 0 1 3 1 1 4
3 0 1 3 1 3 4
0 2 1 1 3 0 4
0 0 2 3 1 1 4
2 2 1 3 2 2 4
1 0 1 1 1 2 4
1 2 2 0 3 0 4
3 3 1 3 2 0 4
3 1 1 1 2 1 4
0 1 1 1 2 2 4
1 -1 -1 1 3 2 4
3 1 1 1 2 3 4
1 1 1 1 2 2 4
1 2 1 0 3 3 4
3 0 1 2 0 3 4
1 1 2 3 2 1 4
1 1 2 2 2 0 4
1 0 2 0 0 1 4
1 2 1 3 3 3 4
0 0 1 2 1 1 4
10 -1 -1 0 1 3 4
2 1 1 1 1 0 4
1 2 1 0 2 0 4
2 0 2 1 1 1 4
2 3 1 3 1 3 4
1 0 1 1 1 0 4
0 0 1 0 1 2 4
2 1 1 1 3 0 4
3 1 1 2 1 3 4
3 2 1 0 3 3 4
0 1 1 3 2 2 4
1 2 1 1 3 2 4
2 0 1 1 1 3 4
3 0 0 2 2 2 4
1 -1 -1 0 2 3 4
2 1 1 3 1 1 4
1 0 2 0 1 1 4
1 0 2 2 1 1 4
2 1 2 2 0 0 4
0 0 2 0 3 1 4
0 1 2 0 2 0 4
0 1 1 3 1 3 4
2 2 1 0 0 1 4
2 -1 -1 0 2 3 4
0 0 1 1 1 2 4
3 2 1 2 0 1 4
1 2 2 0 3 2 4
1 2 2 1 1 1 4
2 0 1 1 2 2 4
1 0 1 2 3 0 4
3 1 2 0 2 1 4
0 2 1 0 3 3 4
0 2 1 0 1 2 4
27 -1 -1 0 1 0 4
27 -1 -1 1 1 0 4
25 -1 -1 3 0 2 4
25 -1 -1 1 0 2 4
22 -1 -1 2 3 1 4
0 -1 -1 2 1 3 4
1 1 2 1 2 1 4
1 2 1 3 1 3 4
23 -1 -1 2 2 3 4
25 -1 -1 0 1 2 4
25 -1 -1 1 1 2 4
25 -1 -1 3 3 1 4
23 -1 -1 1 1 2 4
28 -1 -1 2 2 0 4
2 3 1 1 3 0 4
1 2 0 0 2 0 4
17 -1 -1 2 3 3 4
16 -1 -1 1 2 1 4
16 -1 -1 3 3 1 4
22 -1 -1 0 0 2 4
27 -1 -1 3 3 0 4
18 -1 -1 0 1 3 4
16 -1 -1 0 2 3 4
30 -1 -1 3 0 0 4
19 -1 -1 2 0 2 4
1 -1 -1 2 3 2 4
1 0 0 3 0 2 4
11 -1 -1 0 1 3 4
21 -1 -1 1 0 1 4
18 -1 -1 3 3 3 4
18 -1 -1 2 1 3 4
24 -1 -1 0 2 0 4
12 -1 -1 1 0 3 4
1 2 0 2 0 0 4
0 -1 -1 2 1 2 4
14 -1 -1 1 0 2 4
3 -1 -1 0 3 3 4
13 -1 -1 0 1 0 4
3 -1 -1 1 3 2 4
3 -1 -1 3 3 2 4
3 -1 -1 2 3 2 4
13 -1 -1 0 2 2 4
24 -1 -1 2 2 2 4
25 -1 -1 0 1 0 4
25 -1 -1 1 0 1 4
0 1 2 3 3 1 4
1 1 1 1 3 3 4
23 -1 -1 0 3 2 4
17 -1 -1 0 1 2 4
27 -1 -1 1 2 0 4
27 -1 -1 2 1 1 4
8 -1 -1 3 1 0 4
5 -1 -1 3 2 3 4
19 -1 -1 2 1 1 4
0 1 0 0 3 2 4
18 -1 -1 0 2 3 4
20 -1 -1 3 2 3 4
21 -1 -1 3 1 3 4
26 -1 -1 1 0 2 4
27 -1 -1 0 2 3 4
22 -1 -1 3 0 2 4
24 -1 -1 1 2 3 4
20 -1 -1 0 0 3 4
23 -1 -1 1 0 3 4
0 0 0 3 0 3 4
22 -1 -1 2 2 0 4
19 -1 -1 1 0 1 4
2 0 0 3 3 0 4
1 3 0 1 1 1 4
2 0 0 1 0 2 4
3 0 1 1 2 1 4
21 -1 -1 2 0 2 4
3 2 2 2 1 3 3
0 0 1 2 1 0 3
3 2 1 3 3 3 3
2 1 1 0 2 0 3
0 1 1 0 2 3 3
3 2 2 1 1 3 3
3 2 2 3 0 3 3
3 0 2 1 1 1 3
0 2 2 1 3 1 3
1 0 1 3 1 0 3
3 1 1 2 2 2 3
0 0 1 0 1 3 3
0 1 2 1 2 1 3
3 2 2 3 3 1 3
2 0 2 0 1 0 3
3 0 2 0 1 2 3
1 0 2 2 1 3 3
0 3 2 0 0 1 3
0 3 1 3 3 0 3
0 2 1 0 3 0 3
1 1 1 2 2 2 3
1 2 2 3 3 2 3
2 1 1 1 2 2 3
3 2 1 2 3 2 3
3 0 1 0 3 3 3
3 1 2 1 2 3 3
2 1 1 3 2 3 3
1 0 2 1 3 0 3
3 2 1 0 1 0 3
2 1 1 3 2 0 3
2 2 2 1 2 3 3
3 0 1 2 1 3 3
2 1 2 3 2 0 3
1 0 1 2 1 2 3
3 1 1 3 2 0 3
2 3 1 0 0 0 3
1 2 1 2 1 3 3
3 0 2 3 1 2 3
1 1 1 0 2 3 3
3 1 1 0 2 1 3
0 3 1 0 0 3 3
1 0 1 0 1 2 3
0 2 1 0 3 2 3
0 1 2 0 2 3 3
2 3 1 3 3 1 3
8 -1 -1 0 3 3 3
3 2 2 0 3 1 3
3 2 1 2 3 3 3
1 2 1 1 1 2 3
0 0 1 2 1 3 3
1 2 2 1 3 2 3
1 0 2 2 1 2 3
0 3 1 1 2 3 3
0 2 2 3 3 2 3
3 0 2 0 2 0 3
0 3 2 3 0 0 3
3 2 1 3 3 2 3
2 2 2 3 3 1 3
3 2 1 1 1 2 3
0 1 2 1 2 3 3
3 1 2 2 2 0 3
2 1 1 0 2 3 3
2 1 2 0 2 1 3
2 0 1 2 3 0 3
2 2 1 0 3 2 3
0 0 1 2 1 2 3
0 1 2 3 2 0 3
1 0 2 1 1 0 3
0 2 1 3 2 3 3
0 0 1 3 0 2 3
0 1 1 2 3 3 3
1 1 2 0 2 2 3
3 2 1 0 0 0 3
0 2 1 3 3 2 3
0 1 1 2 2 3 3
0 0 2 1 1 0 3
3 2 1 1 3 3 3
2 1 1 3 1 2 3
1 0 1 2 0 2 3
3 0 2 0 3 0 3
1 1 1 3 0 3 3
2 0 2 1 1 3 3
1 1 2 0 2 3 3
0 2 1 1 3 3 3
29 -1 -1 0 3 2 3
28 -1 -1 3 2 2 3
30 -1 -1 1 0 1 3
28 -1 -1 2 1 3 3
1 1 1 2 0 2 3
1 1 2 1 2 3 3
2 0 1 1 0 2 3
23 -1 -1 1 1 1 3
30 -1 -1 2 1 2 3
0 2 1 3 0 1 3
2 1 1 0 3 3 3
28 -1 -1 2 0 0 3
12 -1 -1 3 3 1 3
23 -1 -1 2 0 1 3
9 -1 -1 3 3 3 3
2 1 0 3 3 3 3
16 -1 -1 1 1 1 3
16 -1 -1 2 0 1 3
28 -1 -1 3 3 2 3
24 -1 -1 2 1 3 3
29 -1 -1 3 1 3 3
1 0 1 0 2 3 3
29 -1 -1 2 2 2 3
28 -1 -1 3 1 2 3
4 -1 -1 1 3 2 3
15 -1 -1 0 3 1 3
0 -1 -1 3 1 1 3
27 -1 -1 0 1 1 3
2 2 1 2 3 3 3
13 -1 -1 1 3 1 3
19 -1 -1 3 1 2 3
28 -1 -1 0 0 0 3
27 -1 -1 2 1 0 3
3 1 0 3 0 3 3
25 -1 -1 2 3 3 3
1 2 1 3 2 2 3
1 0 2 0 1 3 3
27 -1 -1 2 2 2 3
29 -1 -1 0 3 1 3
3 -1 -1 1 0 2 3
26 -1 -1 0 3 3 3
3 2 2 2 3 2 3
24 -1 -1 0 3 3 3
1 -1 -1 0 1 3 3
28 -1 -1 2 0 1 3
24 -1 -1 0 0 3 3
24 -1 -1 3 3 3 3
11 -1 -1 2 1 1 3
7 -1 -1 2 0 2 3
25 -1 -1 2 0 1 3
19 -1 -1 2 3 1 3
7 -1 -1 2 2 3 3
7 -1 -1 1 3 1 3
23 -1 -1 0 1 2 3
16 -1 -1 1 1 3 3
17 -1 -1 2 0 1 3
0 -1 -1 2 0 3 3
22 -1 -1 3 3 1 3
3 0 1 1 0 3 3
20 -1 -1 3 0 3 3
3 -1 -1 1 2 3 3
24 -1 -1 1 1 2 3
2 0 1 3 0 1 3
12 -1 -1 3 2 0 3
2 0 1 3 3 3 3
1 1 1 1 0 2 3
2 -1 -1 1 0 3 3
20 -1 -1 2 1 1 3
18 -1 -1 0 3 1 3
3 -1 -1 1 0 3 3
1 -1 -1 1 2 3 3
3 2 1 1 1 3 3
2 0 0 2 2 3 3
3 2 1 1 0 0 3
19 -1 -1 1 3 3 3
13 -1 -1 0 3 3 3
1 3 1 2 3 3 3
18 -1 -1 3 0 2 3
2 0 1 0 3 2 3
17 -1 -1 2 3 2 3
11 -1 -1 2 3 2 3
20 -1 -1 1 1 3 3
9 -1 -1 2 2 3 3
19 -1 -1 2 2 2 3
27 -1 -1 3 0 3 3
7 -1 -1 1 3 0 3
6 -1 -1 0 1 0 3
4 -1 -1 2 0 2 3
2 -1 -1 1 0 2 3
1 1 1 3 0 1 3
0 1 2 0 3 2 2
1 2 2 2 3 1 2
2 0 2 0 1 2 2
0 2 1 2 1 3 2
2 1 2 0 3 0 2
0 0 2 0 1 3 2
0 0 1 1 1 1 2
1 2 1 2 2 3 2
3 0 1 1 1 2 2
3 0 2 3 2 2 2
2 2 2 1 3 2 2
0 0 1 1 1 0 2
2 1 2 1 2 1 2
3 0 2 2 1 1 2
1 1 2 1 2 0 2
2 2 1 0 3 1 2
3 2 2 2 3 0 2
0 1 1 2 1 2 2
2 2 1 1 0 3 2
1 0 2 1 1 1 2
2 2 1 3 3 3 2
0 2 1 3 3 3 2
1 0 2 0 0 3 2
1 1 2 3 2 0 2
1 0 1 3 0 3 2
1 2 2 0 3 1 2
2 1 2 3 2 3 2
3 0 2 3 1 0 2
1 2 2 3 3 3 2
2 1 2 1 0 3 2
0 1 2 2 2 1 2
2 3 1 3 2 1 2
2 2 2 1 3 0 2
0 0 2 3 1 3 2
1 1 1 0 2 2 2
3 1 1 0 2 3 2
3 2 2 2 3 1 2
2 2 1 1 3 2 2
1 1 2 0 2 0 2
0 1 2 0 0 2 2
1 1 2 2 2 2 2
3 2 2 0 3 0 2
3 1 1 3 2 3 2
3 1 1 0 2 0 2
1 1 2 3 2 2 2
2 1 2 0 2 2 2
0 0 2 1 1 3 2
3 3 1 0 3 0 2
3 2 2 1 3 1 2
2 2 1 3 3 2 2
1 2 2 2 3 3 2
2 1 2 2 2 0 2
1 0 2 1 1 3 2
1 1 2 3 2 3 2
3 1 2 0 2 0 2
3 0 2 2 0 2 2
1 3 2 2 3 3 2
1 3 1 2 1 0 2
3 1 2 3 2 3 2
2 1 1 2 2 2 2
0 1 2 0 2 2 2
3 2 2 1 3 0 2
1 0 2 0 1 0 2
2 1 1 1 1 2 2
2 1 2 3 2 2 2
0 1 2 2 2 2 2
1 2 1 2 3 3 2
1 2 2 2 3 2 2
3 1 1 1 3 2 2
3 1 2 1 2 1 2
1 2 2 3 0 3 2
2 2 2 2 3 1 2
1 1 1 3 2 3 2
3 0 2 2 1 3 2
2 3 2 3 1 0 2
0 0 2 0 1 1 2
3 1 2 3 2 1 2
1 0 2 1 2 2 2
0 2 2 0 3 0 2
3 1 2 3 3 0 2
7 -1 -1 2 3 2 2
0 0 2 1 1 2 2
2 1 2 0 2 0 2
1 2 2 1 3 0 2
1 2 2 3 3 0 2
1 0 2 3 1 0 2
1 3 2 0 3 0 2
3 1 1 0 1 0 2
1 1 1 3 1 2 2
3 3 1 2 1 3 2
3 1 2 2 2 2 2
1 0 2 3 0 2 2
2 0 2 2 1 3 2
28 -1 -1 3 2 1 2
24 -1 -1 0 2 3 2
3 0 1 0 3 0 2
26 -1 -1 2 0 1 2
32 -1 -1 0 3 1 2
31 -1 -1 2 0 2 2
2 0 2 2 1 0 2
27 -1 -1 3 2 2 2
3 2 2 0 1 0 2
3 3 1 0 1 2 2
2 2 1 1 3 3 2
1 -1 -1 3 1 2 2
25 -1 -1 0 2 1 2
28 -1 -1 1 0 2 2
2 0 2 2 1 2 2
2 0 1 3 0 2 2
2 2 1 0 2 3 2
26 -1 -1 1 0 3 2
27 -1 -1 1 0 3 2
5 -1 -1 2 3 3 2
29 -1 -1 3 1 2 2
19 -1 -1 3 3 3 2
33 -1 -1 1 1 2 2
32 -1 -1 0 0 1 2
1 0 1 2 0 3 2
31 -1 -1 1 0 1 2
1 -1 -1 3 3 2 2
10 -1 -1 3 2 3 2
2 1 1 3 0 0 2
2 3 1 3 0 0 2
28 -1 -1 0 3 2 2
2 3 2 0 0 1 2
24 -1 -1 2 1 2 2
27 -1 -1 0 2 1 2
0 2 2 3 3 3 2
9 -1 -1 1 1 1 2
27 -1 -1 1 0 2 2
31 -1 -1 1 2 1 2
29 -1 -1 1 0 1 2
2 0 2 3 1 3 2
3 1 2 1 0 1 2
28 -1 -1 1 2 2 2
26 -1 -1 2 3 2 2
1 0 2 3 3 2 2
22 -1 -1 2 2 1 2
22 -1 -1 0 0 1 2
26 -1 -1 2 1 1 2
25 -1 -1 3 1 3 2
31 -1 -1 3 0 1 2
24 -1 -1 3 1 1 2
22 -1 -1 1 3 1 2
17 -1 -1 1 2 3 2
3 1 0 1 3 0 2
30 -1 -1 3 1 2 2
28 -1 -1 0 2 0 2
29 -1 -1 3 2 1 2
25 -1 -1 1 0 0 2
19 -1 -1 2 3 3 2
3 -1 -1 3 2 3 2
28 -1 -1 3 1 0 2
29 -1 -1 2 1 1 2
3 3 1 2 2 2 2
28 -1 -1 1 1 0 2
1 3 2 1 1 2 2
19 -1 -1 1 0 3 2
21 -1 -1 1 3 1 2
20 -1 -1 1 3 2 2
3 -1 -1 0 0 3 2
25 -1 -1 0 2 2 2
31 -1 -1 2 1 0 2
1 -1 -1 1 3 3 2
22 -1 -1 3 1 1 2
17 -1 -1 0 1 1 2
21 -1 -1 2 1 3 2
1 0 0 3 3 1 2
1 0 1 1 3 1 2
1 0 1 3 2 1 2
22 -1 -1 2 1 2 2
26 -1 -1 3 3 2 2
27 -1 -1 2 1 2 2
0 3 0 1 1 2 2
0 -1 -1 3 3 2 2
1 1 1 0 0 1 2
29 -1 -1 2 3 0 2
22 -1 -1 1 0 2 2
15 -1 -1 1 2 0 2
20 -1 -1 1 1 0 2
3 2 2 3 3 3 2
2 0 2 2 3 1 2
19 -1 -1 3 2 3 2
16 -1 -1 3 1 2 2
28 -1 -1 2 2 2 2
1 1 2 1 0 1 2
0 1 0 2 0 1 2
28 -1 -1 0 1 2 2
28 -1 -1 2 3 1 2
0 0 1 2 0 0 2
2 0 1 1 0 1 2
20 -1 -1 0 1 0 2
0 1 2 2 2 3 1
2 2 2 0 3 1 1
2 2 1 3 3 0 1
3 2 2 1 3 3 1
3 0 2 2 1 2 1
3 2 1 0 3 2 1
0 3 1 1 0 3 1
0 1 2 3 2 1 1
0 2 2 2 3 1 1
0 2 1 3 3 0 1
3 0 2 0 1 0 1
2 2 2 0 3 2 1
0 3 1 0 2 0 1
0 1 2 3 1 3 1
3 1 2 3 2 2 1
0 1 2 1 2 0 1
0 0 2 0 1 2 1
0 1 2 1 2 2 1
0 2 2 2 3 3 1
3 0 2 1 1 0 1
3 0 1 3 3 2 1
0 2 2 1 3 2 1
2 2 2 3 3 0 1
2 0 2 2 2 3 1
1 1 1 1 2 3 1
0 2 1 0 1 3 1
1 1 2 0 0 0 1
0 0 2 2 1 2 1
3 1 1 1 2 0 1
2 3 2 1 1 2 1
2 2 1 3 1 0 1
3 1 2 1 2 0 1
3 0 1 0 1 2 1
3 0 2 1 0 2 1
0 2 2 2 3 0 1
0 2 2 1 3 0 1
0 0 2 3 1 2 1
1 2 2 2 3 0 1
2 2 2 1 3 1 1
1 2 2 2 2 0 1
2 2 1 0 1 2 1
0 0 2 1 1 1 1
0 2 2 0 3 3 1
1 0 2 3 1 2 1
0 3 2 2 3 1 1
2 2 1 0 3 3 1
0 2 2 0 3 2 1
2 3 1 0 3 0 1
3 0 2 2 1 0 1
1 1 2 2 2 3 1
3 2 2 3 3 2 1
2 1 2 0 2 3 1
0 0 2 3 1 0 1
2 2 2 3 3 2 1
1 0 2 1 1 2 1
0 0 2 3 0 2 1
2 1 2 1 2 2 1
3 2 2 1 3 2 1
3 0 2 1 3 0 1
2 1 2 1 2 3 1
0 0 2 0 1 0 1
2 2 2 2 3 2 1
0 3 2 2 1 3 1
0 2 2 3 3 0 1
2 1 2 1 2 0 1
2 0 2 3 1 0 1
3 2 2 3 3 0 1
0 2 2 2 3 2 1
2 0 2 1 1 0 1
3 1 2 0 2 3 1
3 0 2 1 1 3 1
1 1 2 1 2 2 1
2 1 2 2 2 2 1
3 0 2 0 1 3 1
0 0 2 1 2 2 1
0 0 2 2 1 0 1
29 -1 -1 2 0 3 1
26 -1 -1 0 0 1 1
25 -1 -1 0 1 3 1
1 2 2 3 2 1 1
27 -1 -1 0 3 2 1
3 0 2 1 1 2 1
3 2 2 1 0 1 1
1 3 2 0 1 3 1
26 -1 -1 3 2 1 1
3 0 2 3 2 3 1
0 1 2 3 2 2 1
31 -1 -1 0 0 2 1
30 -1 -1 2 2 3 1
32 -1 -1 3 1 1 1
29 -1 -1 3 0 3 1
3 1 2 2 2 1 1
28 -1 -1 1 2 3 1
30 -1 -1 0 1 1 1
29 -1 -1 2 1 3 1
3 0 1 2 3 2 1
32 -1 -1 3 3 0 1
31 -1 -1 2 2 0 1
28 -1 -1 0 2 1 1
30 -1 -1 3 2 3 1
27 -1 -1 1 2 2 1
1 0 1 2 2 3 1
1 2 2 1 3 3 1
2 3 2 3 2 3 1
3 1 1 2 3 2 1
1 2 2 0 2 3 1
3 1 2 0 2 2 1
3 0 2 3 1 3 1
35 -1 -1 1 2 0 1
30 -1 -1 3 1 0 1
33 -1 -1 1 1 0 1
34 -1 -1 1 0 2 1
35 -1 -1 0 0 1 1
3 1 2 1 2 2 1
1 2 2 0 3 3 1
2 0 2 0 1 3 1
2 3 2 1 3 1 1
32 -1 -1 0 3 3 1
31 -1 -1 3 2 3 1
33 -1 -1 1 2 3 1
26 -1 -1 1 3 1 1
31 -1 -1 0 0 3 1
32 -1 -1 2 2 3 1
30 -1 -1 0 2 3 1
0 1 1 3 0 2 1
25 -1 -1 2 2 1 1
3 2 2 1 0 2 1
0 0 2 2 1 3 1
30 -1 -1 0 2 1 1
1 0 2 3 1 3 1
24 -1 -1 0 2 1 1
3 2 2 0 3 3 1
3 2 2 2 3 3 1
2 2 2 3 3 3 1
2 0 2 1 1 2 1
2 3 1 2 0 1 1
31 -1 -1 0 3 0 1
32 -1 -1 1 2 3 1
25 -1 -1 0 2 0 1
21 -1 -1 3 2 3 1
29 -1 -1 3 2 0 1
27 -1 -1 1 3 1 1
34 -1 -1 2 1 3 1
32 -1 -1 0 2 2 1
32 -1 -1 1 3 0 1
31 -1 -1 0 2 0 1
12 -1 -1 2 3 3 1
21 -1 -1 0 1 1 1
31 -1 -1 2 0 1 1
31 -1 -1 3 2 1 1
31 -1 -1 0 0 1 1
31 -1 -1 0 2 1 1
31 -1 -1 3 3 1 1
22 -1 -1 2 0 1 1
1 -1 -1 1 1 3 1
22 -1 -1 1 0 1 1
1 -1 -1 2 2 3 1
2 1 2 0 0 2 1
26 -1 -1 3 1 1 1
26 -1 -1 0 2 1 1
2 1 2 2 2 3 1
27 -1 -1 2 3 2 1
26 -1 -1 3 2 2 1
3 2 2 0 0 2 1
25 -1 -1 1 2 2 1
2 0 2 3 1 2 1
28 -1 -1 1 3 0 1
28 -1 -1 1 2 1 1
30 -1 -1 1 3 0 1
3 1 2 0 3 1 1
27 -1 -1 3 0 0 1
3 1 2 2 2 3 1
28 -1 -1 1 1 1 1
30 -1 -1 3 2 2 1
14 -1 -1 0 2 3 1
29 -1 -1 3 0 0 1
32 -1 -1 1 0 0 1
30 -1 -1 2 1 0 1
31 -1 -1 0 3 3 1
24 -1 -1 3 2 2 1
0 3 1 0 2 3 1
2 3 2 2 0 3 1
30 -1 -1 0 0 1 1
17 -1 -1 1 0 1 1
23 -1 -1 0 2 2 1
24 -1 -1 1 2 2 1
18 -1 -1 1 0 0 1
2 1 2 1 0 0 1
19 -1 -1 0 3 2 1
3 3 1 2 1 1 1
3 0 1 0 2 0 1
2 1 1 1 3 2 1
19 -1 -1 3 0 2 1
1 1 2 1 0 0 1
30 -1 -1 1 1 2 1
2 -1 -1 2 3 1 1
5 -1 -1 2 2 3 1
2 1 2 0 0 3 1
0 -1 -1 1 2 3 1
0 0 2 3 2 1 1
25 -1 -1 3 0 0 1
12 -1 -1 1 0 0 1
3 2 0 2 1 1 1
18 -1 -1 2 2 1 1
24 -1 -1 3 1 3 1
21 -1 -1 3 3 3 1
5 -1 -1 3 1 0 1
17 -1 -1 0 2 3 1
0 -1 -1 3 2 0 1
23 -1 -1 2 0 2 1
23 -1 -1 1 2 0 1
3 0 0 1 2 2 1
3 2 1 2 1 1 1
12 -1 -1 3 3 3 1
0 1 2 3 2 3 1
24 -1 -1 3 2 1 1
2 3 1 1 2 3 1
0 0 1 2 2 0 1
1 0 0 0 2 3 1
24 -1 -1 3 3 0 1
24 -1 -1 1 3 1 1
0 -1 -1 3 1 3 1
22 -1 -1 0 2 1 1
23 -1 -1 3 0 1 1
1 0 0 1 2 0 1
