3 0 0 0 2 1 42
3 0 0 0 1 1 36
3 0 0 3 2 1 36
3 3 0 0 3 1 33
9 -1 -1 0 3 0 32
3 0 0 1 0 1 32
3 0 0 2 1 1 31
10 -1 -1 0 2 0 30
3 1 0 0 0 0 30
2 -1 -1 1 3 0 30
3 0 0 1 1 0 29
3 0 0 3 3 0 29
1 1 0 3 2 1 29
6 -1 -1 1 0 1 28
1 0 0 1 1 0 28
3 1 0 2 0 0 28
0 0 0 3 0 0 28
1 0 0 1 3 1 28
1 3 0 0 0 0 28
1 3 0 2 3 0 28
2 0 0 2 3 0 27
2 1 0 0 2 1 27
1 2 0 3 2 0 27
1 1 0 2 0 0 27
0 0 0 3 0 1 27
2 1 0 3 0 0 26
2 0 0 0 1 0 26
0 2 0 3 3 0 26
9 -1 -1 2 0 0 26
2 0 0 1 0 3 26
0 0 0 2 1 0 26
7 -1 -1 0 0 0 26
3 1 0 0 1 0 26
2 3 0 3 3 3 26
0 -1 -1 3 1 0 25
1 -1 -1 0 3 0 25
2 3 0 1 0 0 25
3 1 0 1 0 0 25
1 2 0 2 3 0 25
3 0 0 2 0 1 25
2 3 0 3 3 0 25
3 3 0 3 1 0 25
2 0 0 3 3 1 25
0 -1 -1 3 2 0 25
1 -1 -1 0 0 0 25
3 0 0 0 0 1 25
0 1 0 0 3 0 24
0 3 0 0 0 0 24
3 1 0 1 2 1 24
0 3 0 2 3 1 24
0 2 0 2 3 0 24
0 3 0 1 0 0 24
0 2 0 2 2 0 24
1 -1 -1 2 0 0 24
2 1 0 3 2 1 24
2 0 0 0 0 3 24
1 0 0 3 0 0 24
4 -1 -1 1 0 1 24
0 -1 -1 0 0 0 24
2 1 0 3 3 1 24
0 2 0 3 3 1 24
3 3 0 1 3 0 24
5 -1 -1 0 0 0 24
0 2 0 1 2 3 24
4 -1 -1 2 0 0 24
17 -1 -1 3 2 0 24
1 -1 -1 3 2 0 24
17 -1 -1 1 2 0 24
3 2 0 2 3 1 23
4 -1 -1 1 0 0 23
3 1 0 2 1 2 23
3 -1 -1 2 2 0 23
0 -1 -1 1 0 1 23
2 -1 -1 2 2 0 23
2 0 0 1 2 1 23
1 2 0 1 3 1 23
10 -1 -1 2 0 0 23
0 2 0 2 3 1 23
3 0 0 0 1 0 23
1 -1 -1 1 1 0 23
3 3 0 0 3 2 23
1 -1 -1 0 2 0 23
0 -1 -1 1 0 0 23
13 -1 -1 3 3 0 23
11 -1 -1 0 2 0 23
12 -1 -1 0 1 0 23
18 -1 -1 2 1 0 23
3 0 0 1 1 1 22
2 3 0 1 0 1 22
1 0 0 2 0 1 22
1 1 0 3 2 0 22
12 -1 -1 2 2 0 22
0 1 0 3 2 0 22
3 2 0 1 0 3 22
2 2 0 1 1 0 22
3 1 0 3 2 1 22
2 3 0 1 3 1 22
3 -1 -1 3 2 0 22
0 1 0 3 2 1 22
7 -1 -1 1 0 0 22
3 0 0 3 1 1 22
1 1 0 2 1 0 22
0 3 0 1 3 3 22
3 2 0 0 3 1 22
3 -1 -1 1 1 1 22
2 2 0 0 2 1 22
3 0 0 1 3 1 22
3 1 0 1 1 1 22
1 0 0 2 0 3 22
3 3 0 0 0 3 22
12 -1 -1 3 0 0 22
2 1 0 1 3 1 22
16 -1 -1 1 1 0 22
3 0 0 0 3 1 22
1 1 0 0 2 1 21
1 -1 -1 0 1 0 21
3 1 0 2 2 1 21
2 2 0 1 3 0 21
2 -1 -1 0 0 0 21
0 3 0 2 3 0 21
3 -1 -1 3 1 1 21
2 2 0 1 0 0 21
0 0 0 3 1 0 21
2 0 0 2 1 1 21
5 -1 -1 2 3 0 21
1 3 0 0 2 3 21
1 2 0 0 3 1 21
3 -1 -1 3 0 1 21
2 0 0 1 1 1 21
3 -1 -1 2 0 0 21
3 1 0 0 2 1 21
0 1 0 2 0 1 21
0 1 0 2 1 0 21
0 0 0 2 2 3 21
3 1 0 0 3 0 21
11 -1 -1 2 0 0 21
15 -1 -1 0 1 0 21
4 -1 -1 3 1 1 21
1 0 0 2 2 0 21
0 0 0 2 0 2 21
2 0 0 1 3 0 21
8 -1 -1 3 1 0 21
14 -1 -1 1 0 0 21
3 3 0 3 2 3 21
12 -1 -1 1 2 0 21
5 -1 -1 3 0 0 21
15 -1 -1 1 0 0 21
1 0 0 0 1 1 20
10 -1 -1 1 3 0 20
0 1 0 0 2 3 20
2 0 0 3 1 3 20
1 2 0 1 1 0 20
2 2 0 2 0 0 20
2 1 0 0 2 0 20
1 -1 -1 0 1 1 20
3 0 0 3 1 0 20
1 0 0 0 1 0 20
1 -1 -1 2 1 0 20
3 3 0 1 2 0 20
16 -1 -1 2 2 0 20
2 3 0 1 2 2 20
0 0 0 3 1 1 20
0 0 0 2 0 0 20
10 -1 -1 3 2 0 20
1 2 0 2 3 1 20
0 0 0 1 2 0 20
7 -1 -1 3 1 2 20
3 3 0 0 2 0 20
10 -1 -1 0 1 0 20
2 0 0 0 1 2 20
0 2 0 2 0 1 20
9 -1 -1 2 2 0 20
1 -1 -1 1 1 1 20
3 2 0 1 2 0 20
2 2 0 3 2 0 20
1 3 0 2 1 3 20
0 0 0 1 0 2 20
2 -1 -1 3 0 0 20
7 -1 -1 2 0 0 20
3 -1 -1 3 0 0 20
3 0 0 2 3 1 20
2 1 0 1 0 1 20
15 -1 -1 1 2 0 20
9 -1 -1 0 1 0 20
0 2 0 3 2 0 20
11 -1 -1 2 2 0 20
1 1 0 3 3 1 20
3 -1 -1 0 0 0 20
13 -1 -1 0 2 0 20
20 -1 -1 2 2 2 20
0 -1 -1 2 3 0 20
1 -1 -1 3 0 0 19
0 0 0 0 1 2 19
6 -1 -1 0 0 0 19
0 0 0 0 1 0 19
4 -1 -1 0 2 1 19
0 2 0 0 0 0 19
3 2 0 0 2 0 19
3 1 0 3 2 0 19
0 0 0 1 3 0 19
1 -1 -1 3 1 1 19
3 -1 -1 2 2 1 19
0 1 0 3 2 3 19
2 1 0 3 2 0 19
3 1 0 1 3 0 19
1 0 0 3 3 0 19
13 -1 -1 1 1 0 19
1 3 0 3 1 0 19
0 1 0 2 2 1 19
0 0 0 3 0 3 19
1 1 0 0 3 0 19
1 1 0 2 2 1 19
2 0 0 0 2 0 19
4 -1 -1 2 1 0 19
12 -1 -1 2 0 0 19
2 0 0 3 0 0 19
8 -1 -1 2 0 0 19
1 1 0 3 2 2 19
0 1 0 1 3 1 19
10 -1 -1 1 0 0 19
5 -1 -1 0 1 0 19
0 0 0 0 2 1 19
2 1 0 1 0 0 19
7 -1 -1 2 1 0 19
2 0 0 0 3 0 19
11 -1 -1 1 0 0 19
7 -1 -1 3 2 0 19
10 -1 -1 1 2 0 19
3 -1 -1 0 2 0 19
8 -1 -1 0 0 1 19
1 -1 -1 3 0 1 19
15 -1 -1 3 1 1 19
2 3 0 1 2 1 19
3 1 0 3 3 1 19
13 -1 -1 2 0 0 19
3 1 0 2 3 0 19
3 2 0 2 0 1 19
20 -1 -1 1 1 1 19
11 -1 -1 3 1 2 19
4 -1 -1 0 0 0 19
16 -1 -1 1 3 0 19
3 0 0 3 3 1 19
3 0 0 2 2 1 19
1 3 0 0 2 2 18
0 2 0 0 1 3 18
2 0 0 2 1 0 18
2 -1 -1 3 3 0 18
2 0 0 0 1 1 18
3 1 0 2 1 0 18
3 2 0 1 3 0 18
7 -1 -1 2 3 0 18
2 0 0 3 1 0 18
2 2 0 3 3 0 18
1 0 0 2 1 1 18
2 2 0 3 2 2 18
9 -1 -1 3 0 1 18
1 1 0 1 2 1 18
0 -1 -1 0 1 1 18
5 -1 -1 1 0 1 18
1 3 0 2 2 3 18
8 -1 -1 1 0 1 18
1 0 0 1 1 1 18
2 -1 -1 3 0 1 18
3 -1 -1 1 0 1 18
8 -1 -1 2 1 1 18
1 2 0 2 3 2 18
1 2 0 2 0 0 18
1 -1 -1 1 2 1 18
0 0 0 2 1 1 18
8 -1 -1 3 0 0 18
0 1 0 1 3 0 18
1 0 0 3 0 3 18
5 -1 -1 1 2 1 18
1 1 0 1 0 3 18
1 0 0 2 2 1 18
2 2 0 3 0 0 18
7 -1 -1 1 2 0 18
0 3 0 0 1 0 18
5 -1 -1 3 1 2 18
14 -1 -1 1 1 1 18
7 -1 -1 3 0 1 18
8 -1 -1 3 0 1 18
3 1 0 3 0 1 18
0 -1 -1 3 0 0 18
6 -1 -1 3 3 0 18
1 -1 -1 3 3 0 18
13 -1 -1 1 0 1 18
0 3 0 2 1 2 18
0 -1 -1 1 1 0 18
2 -1 -1 0 1 0 18
21 -1 -1 0 0 2 18
22 -1 -1 3 1 0 18
17 -1 -1 2 3 0 18
20 -1 -1 0 1 0 18
14 -1 -1 0 1 0 18
20 -1 -1 3 1 0 18
19 -1 -1 0 1 1 18
12 -1 -1 3 2 0 18
1 3 0 0 3 1 17
1 1 0 0 2 0 17
1 0 0 0 2 0 17
3 -1 -1 2 1 1 17
1 0 0 2 1 0 17
4 -1 -1 1 0 2 17
7 -1 -1 2 0 1 17
0 3 0 3 2 0 17
0 2 0 1 3 1 17
0 1 0 1 2 1 17
9 -1 -1 3 2 0 17
2 1 0 3 2 3 17
2 0 0 1 1 0 17
2 3 0 0 1 3 17
5 -1 -1 0 0 1 17
0 2 0 0 3 1 17
9 -1 -1 0 0 0 17
2 1 0 1 1 3 17
5 -1 -1 2 1 1 17
3 -1 -1 1 3 0 17
0 3 0 1 2 3 17
3 3 0 1 3 2 17
2 2 0 2 1 1 17
3 2 0 0 0 1 17
0 1 0 1 1 3 17
3 0 0 0 2 0 17
1 2 0 0 2 3 17
6 -1 -1 3 1 3 17
3 -1 -1 2 0 1 17
5 -1 -1 3 0 1 17
0 1 0 0 2 2 17
3 1 0 0 1 2 17
3 3 0 1 2 2 17
0 2 0 3 2 3 17
1 2 0 2 2 0 17
1 0 0 2 3 1 17
5 -1 -1 2 1 0 17
3 1 0 2 1 3 17
10 -1 -1 1 2 3 17
6 -1 -1 2 1 0 17
4 -1 -1 1 3 0 17
0 2 0 3 1 2 17
0 -1 -1 2 2 1 17
1 1 0 0 1 1 17
4 -1 -1 2 1 2 17
13 -1 -1 3 0 2 17
1 2 0 1 0 1 17
12 -1 -1 2 2 1 17
0 -1 -1 2 1 0 17
16 -1 -1 2 1 1 17
15 -1 -1 3 3 0 17
16 -1 -1 3 0 0 17
18 -1 -1 1 1 0 17
14 -1 -1 2 1 0 17
15 -1 -1 2 2 0 17
12 -1 -1 3 1 0 17
16 -1 -1 3 1 0 17
9 -1 -1 1 2 0 17
16 -1 -1 1 2 0 17
15 -1 -1 3 0 0 17
3 0 0 1 2 1 17
3 -1 -1 3 1 0 16
0 -1 -1 2 2 2 16
3 3 0 3 0 1 16
2 2 0 3 3 1 16
0 1 0 0 3 1 16
2 0 0 2 3 1 16
3 2 0 2 3 0 16
2 -1 -1 1 1 1 16
2 -1 -1 1 1 0 16
0 0 0 3 1 2 16
3 3 0 2 0 3 16
2 1 0 1 2 2 16
8 -1 -1 1 0 2 16
7 -1 -1 3 0 0 16
2 1 0 1 2 3 16
3 3 0 2 1 0 16
1 3 0 1 1 2 16
3 2 0 0 3 0 16
4 -1 -1 0 1 0 16
0 3 0 3 1 3 16
3 0 0 1 1 3 16
2 2 0 0 2 0 16
3 0 0 0 1 2 16
1 -1 -1 2 2 0 16
1 3 0 1 1 3 16
7 -1 -1 3 0 3 16
1 3 0 0 3 0 16
3 2 0 1 3 1 16
5 -1 -1 1 3 0 16
2 0 0 2 1 3 16
5 -1 -1 2 2 0 16
0 1 0 3 1 3 16
0 1 0 1 1 2 16
2 -1 -1 3 1 2 16
3 0 0 0 3 0 16
0 3 0 1 3 0 16
4 -1 -1 0 3 0 16
2 -1 -1 0 0 1 16
3 1 0 2 3 1 16
2 1 0 3 0 1 16
3 2 0 1 2 1 16
3 2 0 3 3 2 16
9 -1 -1 0 2 2 16
0 2 0 0 0 1 16
0 3 0 3 0 3 16
4 -1 -1 2 2 1 16
3 3 0 0 1 1 16
2 1 0 0 1 0 16
0 0 0 1 2 1 16
3 1 0 2 0 1 16
12 -1 -1 3 0 1 16
2 0 0 1 3 3 16
17 -1 -1 2 2 1 16
2 -1 -1 3 1 0 16
6 -1 -1 3 0 1 16
13 -1 -1 3 2 0 16
0 3 0 1 2 0 16
9 -1 -1 3 0 0 16
0 -1 -1 3 3 0 16
11 -1 -1 3 0 0 16
2 -1 -1 2 0 2 16
3 1 1 1 1 1 16
7 -1 -1 1 1 0 16
11 -1 -1 3 1 0 16
23 -1 -1 3 2 0 16
4 -1 -1 1 1 0 16
11 -1 -1 2 3 0 16
25 -1 -1 2 3 0 16
18 -1 -1 2 2 0 16
11 -1 -1 3 3 0 16
6 -1 -1 2 2 1 15
1 1 0 1 2 0 15
1 -1 -1 1 0 3 15
7 -1 -1 0 0 1 15
2 2 0 1 3 1 15
2 0 0 1 1 3 15
1 2 0 0 3 0 15
1 1 0 0 1 3 15
2 1 0 3 1 3 15
8 -1 -1 3 1 3 15
0 2 0 1 3 2 15
2 2 0 2 3 0 15
1 1 0 1 2 2 15
0 1 0 2 2 2 15
6 -1 -1 0 3 1 15
3 0 0 2 1 2 15
8 -1 -1 1 0 0 15
1 0 1 0 0 0 15
3 1 0 3 2 3 15
2 1 0 1 2 0 15
0 1 0 1 2 2 15
5 -1 -1 2 2 1 15
3 0 0 1 1 2 15
0 3 0 3 2 3 15
1 2 1 0 0 1 15
1 2 0 3 3 1 15
0 3 0 0 2 3 15
2 -1 -1 1 2 0 15
0 1 0 1 2 0 15
3 1 0 0 2 3 15
5 -1 -1 0 3 0 15
8 -1 -1 0 0 2 15
0 1 0 1 1 0 15
5 -1 -1 1 1 1 15
2 -1 -1 2 2 2 15
6 -1 -1 0 1 0 15
1 1 0 3 2 3 15
2 2 0 1 0 3 15
0 0 0 0 1 1 15
0 1 0 1 2 3 15
2 2 0 3 3 2 15
2 -1 -1 2 0 3 15
1 1 0 2 1 1 15
6 -1 -1 1 2 0 15
1 0 0 3 1 1 15
4 -1 -1 2 0 1 15
1 3 0 0 3 3 15
2 2 0 1 0 1 15
4 -1 -1 3 1 0 15
8 -1 -1 1 2 2 15
2 -1 -1 1 2 1 15
2 3 0 3 3 1 15
11 -1 -1 3 1 1 15
2 3 0 0 3 2 15
8 -1 -1 2 2 0 15
10 -1 -1 2 1 2 15
0 1 0 1 1 1 15
2 -1 -1 0 2 0 15
5 -1 -1 2 0 3 15
0 -1 -1 0 2 0 15
4 -1 -1 3 0 0 15
1 1 0 2 0 3 15
8 -1 -1 3 2 1 15
3 2 0 1 2 3 15
0 -1 -1 3 1 1 15
3 3 0 3 2 1 15
1 0 0 0 3 1 15
3 0 0 2 2 0 15
1 1 0 3 1 1 15
2 0 0 0 0 1 15
12 -1 -1 3 3 0 15
7 -1 -1 3 1 1 15
9 -1 -1 3 0 2 15
1 1 0 3 0 2 15
17 -1 -1 2 0 0 15
14 -1 -1 2 0 0 15
18 -1 -1 2 0 0 15
14 -1 -1 3 2 0 15
12 -1 -1 0 3 0 15
18 -1 -1 2 3 0 15
12 -1 -1 1 3 0 15
3 3 0 0 1 0 14
2 3 0 1 1 0 14
2 1 0 1 2 1 14
8 -1 -1 3 1 1 14
3 2 0 3 3 1 14
0 0 0 1 1 2 14
3 0 0 0 0 3 14
1 0 0 0 0 2 14
5 -1 -1 3 1 1 14
0 2 0 0 3 0 14
0 0 0 1 1 0 14
0 1 0 2 2 0 14
5 -1 -1 1 1 3 14
13 -1 -1 2 1 0 14
5 -1 -1 2 0 2 14
0 0 0 2 1 3 14
3 1 0 0 2 0 14
7 -1 -1 2 3 1 14
3 2 0 3 3 0 14
2 2 0 1 2 0 14
10 -1 -1 3 2 1 14
2 2 0 0 3 2 14
2 0 0 3 1 1 14
1 1 0 2 2 0 14
3 3 0 2 3 2 14
13 -1 -1 1 1 3 14
11 -1 -1 0 1 1 14
17 -1 -1 2 2 3 14
4 -1 -1 0 0 1 14
2 3 0 2 0 1 14
1 0 1 1 1 1 14
6 -1 -1 1 2 1 14
1 1 0 0 2 3 14
2 1 0 2 2 1 14
6 -1 -1 1 0 0 14
9 -1 -1 2 1 0 14
0 1 0 2 2 3 14
11 -1 -1 3 0 1 14
0 1 0 0 0 1 14
1 1 0 0 0 1 14
6 -1 -1 2 0 2 14
5 -1 -1 1 3 1 14
0 -1 -1 3 0 1 14
2 1 0 0 3 0 14
3 0 1 2 1 1 14
1 2 0 3 3 2 14
1 -1 -1 0 3 1 14
0 2 0 1 1 1 14
1 -1 -1 0 2 1 14
3 2 0 1 3 3 14
2 1 0 0 2 3 14
7 -1 -1 1 0 2 14
11 -1 -1 1 0 2 14
3 3 0 2 3 3 14
10 -1 -1 0 3 0 14
0 -1 -1 2 0 0 14
3 2 0 3 0 0 14
0 3 0 3 1 1 14
1 3 0 3 1 1 14
3 3 0 2 2 0 14
2 -1 -1 3 1 3 14
14 -1 -1 3 1 1 14
2 0 0 1 2 2 14
16 -1 -1 1 0 1 14
0 2 0 1 2 1 14
3 -1 -1 3 3 0 14
6 -1 -1 3 0 0 14
2 2 0 2 0 1 14
4 -1 -1 3 0 2 14
3 3 0 3 2 2 14
9 -1 -1 2 0 2 14
1 2 0 1 0 2 14
0 3 0 0 1 1 14
13 -1 -1 1 0 2 14
14 -1 -1 1 2 2 14
0 1 0 0 0 3 14
12 -1 -1 0 1 1 14
10 -1 -1 1 0 2 14
2 0 0 3 2 1 14
6 -1 -1 1 1 0 14
2 2 0 1 0 2 14
8 -1 -1 0 2 0 14
19 -1 -1 1 1 0 14
20 -1 -1 2 1 0 14
16 -1 -1 0 3 0 14
2 1 0 0 3 2 14
21 -1 -1 0 1 0 14
20 -1 -1 2 1 2 14
14 -1 -1 0 0 1 14
5 -1 -1 1 1 0 14
9 -1 -1 1 0 0 14
9 -1 -1 1 2 2 14
15 -1 -1 2 1 1 14
18 -1 -1 1 2 0 14
11 -1 -1 1 3 2 14
3 0 0 2 0 0 14
14 -1 -1 3 1 0 14
3 1 0 2 2 3 13
2 1 0 2 2 3 13
0 0 0 1 1 1 13
8 -1 -1 2 3 0 13
1 1 0 2 2 2 13
0 0 0 0 1 3 13
2 2 0 2 3 3 13
0 -1 -1 0 0 1 13
9 -1 -1 0 0 3 13
3 -1 -1 1 1 2 13
1 0 0 3 1 0 13
2 -1 -1 0 1 1 13
3 -1 -1 3 1 3 13
2 2 0 0 3 0 13
2 1 0 2 2 0 13
1 2 1 1 3 1 13
0 -1 -1 2 1 1 13
4 -1 -1 1 2 0 13
9 -1 -1 3 2 1 13
15 -1 -1 1 2 1 13
1 1 0 0 0 2 13
10 -1 -1 2 2 1 13
0 -1 -1 0 1 2 13
0 2 0 3 3 2 13
0 1 0 0 2 0 13
18 -1 -1 0 0 3 13
2 2 0 2 3 1 13
0 0 0 2 3 2 13
5 -1 -1 1 0 3 13
0 0 0 1 1 3 13
3 -1 -1 0 0 1 13
1 0 0 3 1 3 13
2 2 1 2 3 0 13
0 -1 -1 3 0 2 13
2 3 0 1 3 0 13
0 -1 -1 0 3 0 13
2 -1 -1 3 1 1 13
1 1 0 1 3 2 13
1 -1 -1 2 0 1 13
6 -1 -1 0 1 2 13
3 1 0 3 2 2 13
2 0 0 0 1 3 13
2 0 0 0 3 1 13
1 3 0 1 2 0 13
1 0 0 0 1 2 13
0 3 0 2 1 0 13
7 -1 -1 2 1 2 13
14 -1 -1 3 2 1 13
12 -1 -1 0 1 3 13
3 3 0 2 2 3 13
0 2 0 2 1 0 13
2 1 0 2 2 2 13
7 -1 -1 0 3 0 13
12 -1 -1 2 1 0 13
2 -1 -1 2 1 1 13
14 -1 -1 1 0 1 13
3 2 0 2 2 2 13
3 -1 -1 1 1 0 13
1 -1 -1 3 2 1 13
3 -1 -1 3 0 2 13
0 0 0 0 3 2 13
1 0 0 3 2 2 13
5 -1 -1 1 1 2 13
7 -1 -1 3 2 1 13
7 -1 -1 2 2 2 13
5 -1 -1 2 0 0 13
3 0 1 2 3 1 13
1 2 0 0 2 1 13
3 1 0 0 1 1 13
2 -1 -1 2 0 1 13
10 -1 -1 3 0 1 13
1 0 0 1 3 2 13
2 0 0 0 3 3 13
11 -1 -1 1 1 0 13
6 -1 -1 1 1 1 13
2 -1 -1 0 2 2 13
5 -1 -1 0 0 2 13
2 0 0 1 2 3 13
1 -1 -1 1 3 0 13
19 -1 -1 0 0 1 13
17 -1 -1 0 0 0 13
21 -1 -1 1 2 0 13
18 -1 -1 1 0 0 13
20 -1 -1 3 2 1 13
24 -1 -1 1 0 0 13
0 -1 -1 1 0 2 13
20 -1 -1 1 1 0 13
13 -1 -1 2 2 0 13
15 -1 -1 3 2 1 13
14 -1 -1 3 0 2 13
7 -1 -1 0 1 0 13
17 -1 -1 3 0 1 13
17 -1 -1 1 1 1 13
15 -1 -1 3 1 0 13
17 -1 -1 3 1 0 13
2 2 0 2 3 2 12
12 -1 -1 1 0 2 12
1 3 0 3 0 3 12
0 1 1 3 2 1 12
2 1 0 3 0 2 12
11 -1 -1 2 2 1 12
8 -1 -1 2 2 1 12
13 -1 -1 0 1 2 12
1 2 0 3 3 0 12
4 -1 -1 3 2 1 12
6 -1 -1 2 3 2 12
3 1 1 0 2 1 12
1 1 0 0 2 2 12
0 2 0 2 3 2 12
6 -1 -1 3 0 2 12
12 -1 -1 1 2 2 12
12 -1 -1 0 2 1 12
3 0 0 3 1 2 12
3 0 0 2 1 0 12
2 1 0 1 1 1 12
1 2 0 3 1 0 12
2 -1 -1 1 0 2 12
2 0 0 2 1 2 12
3 2 1 3 3 1 12
3 1 0 1 2 3 12
5 -1 -1 3 0 3 12
3 0 0 3 1 3 12
3 0 1 1 1 3 12
1 2 0 0 3 2 12
0 -1 -1 2 0 1 12
3 -1 -1 2 0 3 12
0 0 0 2 1 2 12
7 -1 -1 0 1 1 12
2 -1 -1 0 2 1 12
0 -1 -1 1 1 3 12
8 -1 -1 3 3 0 12
8 -1 -1 3 1 2 12
1 2 0 3 0 3 12
1 -1 -1 3 1 2 12
4 -1 -1 0 2 0 12
6 -1 -1 0 3 0 12
3 2 1 2 3 1 12
2 1 1 3 2 2 12
13 -1 -1 0 0 0 12
16 -1 -1 1 1 3 12
3 -1 -1 3 1 2 12
1 2 0 0 0 2 12
2 -1 -1 3 2 0 12
1 3 0 2 0 2 12
3 0 0 2 0 3 12
1 2 0 3 2 3 12
11 -1 -1 2 1 1 12
6 -1 -1 2 0 1 12
2 2 0 1 2 2 12
0 2 0 2 2 2 12
7 -1 -1 2 0 3 12
2 3 0 2 1 0 12
8 -1 -1 2 0 1 12
2 2 0 2 0 2 12
13 -1 -1 3 1 2 12
16 -1 -1 3 2 2 12
0 0 1 0 2 1 12
8 -1 -1 2 0 3 12
5 -1 -1 1 2 2 12
3 -1 -1 2 1 0 12
2 2 0 2 1 3 12
0 2 0 2 0 0 12
10 -1 -1 1 0 1 12
1 0 1 0 3 1 12
11 -1 -1 1 2 1 12
1 -1 -1 1 1 3 12
12 -1 -1 1 2 1 12
12 -1 -1 2 0 1 12
6 -1 -1 3 1 2 12
7 -1 -1 1 2 1 12
18 -1 -1 2 0 1 12
23 -1 -1 1 3 2 12
18 -1 -1 2 2 3 12
20 -1 -1 0 0 3 12
19 -1 -1 0 0 0 12
23 -1 -1 3 0 0 12
20 -1 -1 1 0 0 12
19 -1 -1 3 3 0 12
19 -1 -1 1 0 0 12
20 -1 -1 2 3 0 12
22 -1 -1 3 3 2 12
19 -1 -1 2 0 0 12
3 3 0 1 0 3 12
0 -1 -1 3 1 3 12
18 -1 -1 3 0 1 12
19 -1 -1 2 2 3 12
19 -1 -1 3 1 3 12
2 3 0 2 0 2 12
21 -1 -1 0 2 0 12
8 -1 -1 3 0 2 12
2 2 0 1 1 2 12
18 -1 -1 1 0 2 12
12 -1 -1 3 0 3 12
0 3 0 0 2 2 12
17 -1 -1 1 1 0 12
13 -1 -1 3 1 3 12
11 -1 -1 0 1 2 12
2 0 0 2 3 3 12
2 0 0 3 2 3 12
13 -1 -1 1 1 2 12
15 -1 -1 0 0 0 12
1 -1 -1 1 0 0 12
10 -1 -1 0 0 0 12
7 -1 -1 2 3 3 11
14 -1 -1 0 2 2 11
4 -1 -1 3 1 3 11
1 2 1 2 3 2 11
3 1 0 1 2 0 11
12 -1 -1 1 1 1 11
2 1 0 0 1 3 11
1 2 0 1 3 0 11
1 -1 -1 0 1 2 11
0 -1 -1 3 2 2 11
2 -1 -1 3 0 3 11
4 -1 -1 1 2 3 11
2 3 0 2 2 2 11
0 1 0 3 2 2 11
6 -1 -1 0 1 3 11
0 -1 -1 1 2 2 11
1 0 1 3 0 1 11
6 -1 -1 2 1 1 11
3 1 1 0 2 0 11
2 2 0 0 3 1 11
5 -1 -1 3 1 3 11
1 1 0 2 1 3 11
0 0 0 3 1 3 11
0 3 0 2 1 1 11
11 -1 -1 2 3 3 11
3 0 0 0 1 3 11
9 -1 -1 0 3 3 11
0 1 1 1 2 2 11
3 2 0 2 3 2 11
6 -1 -1 3 1 0 11
2 -1 -1 3 2 3 11
3 -1 -1 0 2 3 11
3 3 0 1 2 3 11
2 2 0 2 0 3 11
8 -1 -1 1 2 0 11
10 -1 -1 3 0 2 11
2 2 1 2 3 1 11
0 2 0 0 3 3 11
3 2 0 2 3 3 11
3 0 0 3 2 2 11
0 -1 -1 1 2 1 11
4 -1 -1 1 3 3 11
1 -1 -1 3 1 3 11
9 -1 -1 2 0 1 11
1 2 1 0 3 1 11
11 -1 -1 0 0 1 11
3 -1 -1 0 3 3 11
8 -1 -1 1 1 0 11
12 -1 -1 1 2 3 11
2 3 0 3 1 0 11
1 -1 -1 3 0 2 11
4 -1 -1 3 2 2 11
2 2 0 0 1 2 11
5 -1 -1 3 0 2 11
11 -1 -1 2 0 1 11
7 -1 -1 1 0 3 11
1 -1 -1 2 1 1 11
1 1 0 2 3 0 11
5 -1 -1 3 2 1 11
10 -1 -1 2 2 2 11
2 1 1 2 3 0 11
3 -1 -1 0 0 3 11
14 -1 -1 3 0 0 11
10 -1 -1 3 2 2 11
0 0 0 2 0 3 11
5 -1 -1 2 0 1 11
2 3 0 0 1 0 11
9 -1 -1 2 1 1 11
0 1 0 1 0 0 11
2 2 0 3 2 1 11
17 -1 -1 3 1 2 11
1 0 0 2 3 3 11
1 -1 -1 2 1 3 11
3 1 0 3 0 0 11
15 -1 -1 0 1 2 11
19 -1 -1 2 2 0 11
22 -1 -1 1 0 3 11
18 -1 -1 1 3 0 11
13 -1 -1 2 0 1 11
0 3 0 1 0 1 11
19 -1 -1 0 3 2 11
17 -1 -1 0 2 3 11
22 -1 -1 3 1 3 11
5 -1 -1 1 0 0 11
17 -1 -1 0 2 1 11
5 -1 -1 2 2 3 11
23 -1 -1 3 1 0 11
13 -1 -1 1 3 1 11
14 -1 -1 0 3 1 11
20 -1 -1 3 2 0 11
22 -1 -1 0 2 2 11
19 -1 -1 1 2 0 11
19 -1 -1 0 3 0 11
17 -1 -1 0 3 2 11
19 -1 -1 3 0 0 11
21 -1 -1 3 3 0 11
14 -1 -1 0 2 0 11
10 -1 -1 3 1 0 11
2 0 0 0 2 3 11
21 -1 -1 3 0 2 11
13 -1 -1 3 1 0 11
20 -1 -1 0 0 0 11
13 -1 -1 0 1 0 11
3 -1 -1 2 1 2 11
1 2 0 1 3 3 10
0 1 1 3 2 3 10
3 -1 -1 1 2 2 10
4 -1 -1 2 1 3 10
3 1 1 1 2 1 10
0 1 0 0 2 1 10
2 1 1 1 2 0 10
0 2 0 0 3 2 10
8 -1 -1 0 3 0 10
3 0 1 1 1 0 10
0 2 0 1 3 0 10
14 -1 -1 3 2 2 10
2 2 0 1 3 2 10
2 -1 -1 2 3 1 10
3 1 1 2 2 3 10
1 0 1 0 1 1 10
0 1 1 0 2 2 10
2 2 1 3 3 1 10
3 1 1 3 0 2 10
3 0 0 2 1 3 10
3 1 0 1 1 3 10
0 -1 -1 2 3 3 10
2 1 1 2 2 1 10
1 1 0 2 2 3 10
0 2 0 1 3 3 10
3 1 0 0 2 2 10
0 2 1 3 3 2 10
1 0 0 2 1 2 10
6 -1 -1 1 1 2 10
0 2 1 1 3 1 10
3 2 0 0 3 2 10
3 2 0 3 0 3 10
16 -1 -1 3 1 1 10
5 -1 -1 0 1 3 10
3 1 1 3 2 1 10
2 2 0 3 3 3 10
5 -1 -1 3 2 2 10
3 2 1 0 0 1 10
1 2 0 1 0 0 10
0 1 1 2 2 1 10
3 2 0 3 1 3 10
1 0 0 1 2 2 10
5 -1 -1 2 3 3 10
1 1 1 2 2 1 10
1 0 0 0 2 3 10
2 1 1 1 2 1 10
1 -1 -1 1 0 1 10
8 -1 -1 1 3 0 10
2 0 1 2 1 1 10
2 2 1 1 1 0 10
1 1 0 2 3 2 10
9 -1 -1 0 0 1 10
1 1 0 0 0 3 10
3 -1 -1 3 2 3 10
0 1 0 2 0 2 10
10 -1 -1 0 1 3 10
0 -1 -1 1 2 3 10
2 -1 -1 0 3 2 10
3 3 0 3 2 0 10
0 -1 -1 0 2 1 10
10 -1 -1 2 3 2 10
8 -1 -1 0 0 0 10
5 -1 -1 0 2 0 10
3 2 0 0 2 2 10
12 -1 -1 3 2 2 10
6 -1 -1 3 2 0 10
4 -1 -1 1 2 1 10
3 2 0 3 1 0 10
3 -1 -1 0 0 2 10
9 -1 -1 0 3 1 10
3 -1 -1 0 2 2 10
16 -1 -1 2 2 2 10
11 -1 -1 0 3 3 10
23 -1 -1 1 1 3 10
22 -1 -1 1 2 1 10
14 -1 -1 0 1 3 10
24 -1 -1 3 1 0 10
17 -1 -1 3 2 2 10
16 -1 -1 3 2 3 10
25 -1 -1 2 2 0 10
22 -1 -1 3 0 2 10
19 -1 -1 2 2 2 10
16 -1 -1 1 0 2 10
0 3 0 2 2 1 10
20 -1 -1 1 0 1 10
19 -1 -1 0 2 0 10
14 -1 -1 3 2 3 10
4 -1 -1 2 3 2 10
21 -1 -1 3 2 1 10
18 -1 -1 1 2 1 10
17 -1 -1 0 0 1 10
23 -1 -1 1 2 1 10
24 -1 -1 2 2 0 10
1 -1 -1 1 3 3 10
19 -1 -1 3 1 1 10
16 -1 -1 0 0 1 10
2 0 0 2 2 3 10
9 -1 -1 3 1 0 10
2 2 0 3 1 2 10
1 3 0 3 3 1 10
3 1 0 1 3 1 10
1 2 1 0 2 1 10
6 -1 -1 2 3 0 10
1 1 0 2 3 1 10
18 -1 -1 3 3 0 10
14 -1 -1 2 1 2 10
2 -1 -1 3 3 3 9
10 -1 -1 2 1 1 9
10 -1 -1 3 1 2 9
13 -1 -1 3 0 0 9
3 1 1 0 2 3 9
1 1 1 1 2 1 9
3 1 0 2 2 0 9
1 0 1 2 1 1 9
0 -1 -1 2 1 3 9
3 0 1 0 1 0 9
4 -1 -1 2 2 3 9
8 -1 -1 0 0 3 9
10 -1 -1 1 3 3 9
1 2 1 3 3 1 9
5 -1 -1 1 2 3 9
7 -1 -1 1 1 1 9
15 -1 -1 2 0 1 9
1 -1 -1 2 2 2 9
1 1 1 3 2 1 9
6 -1 -1 1 0 2 9
1 0 0 1 1 2 9
3 0 1 3 1 3 9
4 -1 -1 0 2 2 9
1 2 0 2 2 3 9
2 0 0 1 1 2 9
1 3 0 2 2 2 9
4 -1 -1 1 0 3 9
1 0 1 3 1 2 9
2 1 1 0 2 3 9
3 0 1 2 1 0 9
1 2 1 3 0 3 9
9 -1 -1 1 0 2 9
2 2 1 1 3 1 9
2 0 1 1 1 0 9
8 -1 -1 1 0 3 9
2 1 1 0 2 2 9
4 -1 -1 0 0 3 9
9 -1 -1 0 0 2 9
10 -1 -1 1 1 1 9
1 2 0 0 3 3 9
6 -1 -1 3 2 1 9
0 -1 -1 3 1 2 9
11 -1 -1 0 3 1 9
2 0 0 3 1 2 9
3 1 0 2 2 2 9
1 1 1 3 2 3 9
3 0 1 3 2 0 9
3 -1 -1 2 1 3 9
4 -1 -1 2 0 2 9
12 -1 -1 0 3 1 9
6 -1 -1 2 2 0 9
2 1 1 0 2 1 9
0 0 0 1 2 3 9
3 1 1 2 2 1 9
0 0 1 3 1 1 9
1 -1 -1 1 2 3 9
2 1 1 0 1 1 9
3 2 1 1 3 1 9
2 -1 -1 1 2 3 9
10 -1 -1 0 3 1 9
0 -1 -1 0 0 3 9
12 -1 -1 1 1 3 9
3 2 0 2 2 3 9
1 0 1 3 3 0 9
3 1 1 2 1 1 9
0 -1 -1 3 0 3 9
3 0 1 0 0 0 9
0 3 0 0 2 0 9
17 -1 -1 2 1 3 9
8 -1 -1 3 2 0 9
11 -1 -1 1 3 1 9
6 -1 -1 1 3 3 9
4 -1 -1 0 1 1 9
2 -1 -1 2 1 0 9
3 0 0 0 3 3 9
15 -1 -1 3 0 2 9
21 -1 -1 1 2 1 9
24 -1 -1 2 2 2 9
23 -1 -1 2 3 1 9
21 -1 -1 2 3 1 9
18 -1 -1 1 1 2 9
2 0 0 3 3 2 9
20 -1 -1 0 3 2 9
14 -1 -1 1 0 3 9
22 -1 -1 0 0 1 9
26 -1 -1 0 2 0 9
14 -1 -1 1 3 0 9
15 -1 -1 2 2 2 9
21 -1 -1 1 0 0 9
17 -1 -1 3 3 1 9
16 -1 -1 0 1 2 9
19 -1 -1 2 3 2 9
24 -1 -1 1 3 0 9
16 -1 -1 3 0 2 9
19 -1 -1 3 2 1 9
6 -1 -1 3 2 3 9
10 -1 -1 0 1 1 9
21 -1 -1 0 2 3 9
14 -1 -1 0 0 0 9
20 -1 -1 2 0 1 9
8 -1 -1 3 0 3 9
20 -1 -1 1 1 2 9
8 -1 -1 0 1 3 9
14 -1 -1 0 3 0 9
19 -1 -1 0 0 2 9
26 -1 -1 1 1 2 9
10 -1 -1 1 3 1 9
14 -1 -1 0 1 1 9
2 0 0 3 0 3 9
20 -1 -1 1 2 2 9
11 -1 -1 3 0 3 9
2 2 0 2 1 2 9
6 -1 -1 1 2 2 9
15 -1 -1 0 1 1 9
13 -1 -1 2 1 1 9
1 0 1 3 3 1 9
6 -1 -1 2 0 0 9
13 -1 -1 1 2 0 9
13 -1 -1 2 3 0 9
20 -1 -1 3 1 3 9
10 -1 -1 0 2 2 9
6 -1 -1 0 2 0 9
5 -1 -1 1 3 2 8
3 1 1 2 2 0 8
0 2 1 0 3 1 8
11 -1 -1 1 1 2 8
2 -1 -1 1 1 3 8
1 1 1 1 2 2 8
2 1 0 3 2 2 8
1 2 0 2 3 3 8
3 2 0 1 3 2 8
2 1 1 3 2 1 8
9 -1 -1 3 1 1 8
3 2 0 0 3 3 8
1 1 0 1 2 3 8
3 2 1 2 3 0 8
3 0 1 2 2 1 8
3 2 1 3 3 0 8
0 0 1 3 0 0 8
1 0 0 1 1 3 8
1 0 1 2 1 0 8
1 2 1 1 3 0 8
0 -1 -1 1 1 2 8
1 0 1 3 1 1 8
2 2 0 0 3 3 8
3 0 1 0 2 2 8
0 1 1 3 0 1 8
1 0 1 1 3 0 8
3 0 1 0 1 1 8
3 1 1 3 2 3 8
2 0 1 0 2 0 8
3 1 0 1 2 2 8
12 -1 -1 0 2 2 8
0 2 1 3 3 0 8
4 -1 -1 0 3 2 8
8 -1 -1 1 1 2 8
0 2 1 2 3 1 8
1 0 0 3 1 2 8
3 -1 -1 0 1 1 8
3 3 1 1 3 1 8
0 2 0 3 3 3 8
1 -1 -1 3 3 2 8
6 -1 -1 3 3 1 8
3 0 1 2 1 3 8
4 -1 -1 1 1 2 8
6 -1 -1 2 2 3 8
8 -1 -1 3 3 3 8
0 -1 -1 3 2 1 8
0 1 1 2 2 3 8
1 -1 -1 0 2 3 8
1 1 1 2 2 3 8
5 -1 -1 0 2 1 8
2 2 1 0 3 1 8
9 -1 -1 1 1 3 8
3 0 1 3 1 1 8
15 -1 -1 2 2 3 8
9 -1 -1 0 2 1 8
3 1 1 3 3 0 8
2 0 0 1 2 0 8
9 -1 -1 3 0 3 8
2 -1 -1 3 3 1 8
14 -1 -1 0 3 3 8
8 -1 -1 0 2 1 8
3 2 1 1 2 2 8
2 0 0 2 2 2 8
1 -1 -1 3 3 3 8
2 -1 -1 0 0 3 8
10 -1 -1 0 1 2 8
2 0 1 3 0 1 8
0 -1 -1 3 3 1 8
3 1 0 3 0 3 8
1 -1 -1 2 3 3 8
4 -1 -1 0 3 1 8
2 1 1 0 1 3 8
0 0 1 0 2 3 8
3 0 1 3 2 2 8
1 -1 -1 2 1 2 8
3 1 1 1 1 2 8
3 -1 -1 2 0 2 8
2 0 1 1 2 1 8
11 -1 -1 3 2 3 8
18 -1 -1 1 2 2 8
9 -1 -1 3 3 2 8
8 -1 -1 2 1 3 8
13 -1 -1 3 1 1 8
20 -1 -1 0 1 1 8
21 -1 -1 3 1 0 8
9 -1 -1 1 0 3 8
24 -1 -1 2 0 2 8
26 -1 -1 2 3 2 8
16 -1 -1 3 1 2 8
13 -1 -1 3 2 3 8
1 0 1 0 2 1 8
19 -1 -1 3 2 3 8
17 -1 -1 2 3 2 8
21 -1 -1 3 0 3 8
10 -1 -1 1 2 2 8
25 -1 -1 0 0 0 8
18 -1 -1 2 3 1 8
13 -1 -1 3 0 1 8
3 -1 -1 2 3 2 8
17 -1 -1 2 0 2 8
1 1 0 1 0 2 8
21 -1 -1 1 3 2 8
15 -1 -1 1 1 1 8
25 -1 -1 3 3 0 8
7 -1 -1 1 3 1 8
10 -1 -1 2 3 3 8
22 -1 -1 3 3 0 8
23 -1 -1 2 3 0 8
22 -1 -1 2 3 0 8
2 -1 -1 1 0 3 8
20 -1 -1 2 1 3 8
24 -1 -1 0 0 0 8
15 -1 -1 1 0 1 8
18 -1 -1 3 2 2 8
21 -1 -1 0 0 0 8
20 -1 -1 1 3 1 8
3 -1 -1 1 2 1 8
0 -1 -1 0 2 3 8
15 -1 -1 0 0 3 8
21 -1 -1 1 3 0 8
17 -1 -1 1 3 3 8
23 -1 -1 2 1 1 8
24 -1 -1 3 0 0 8
21 -1 -1 1 1 0 8
19 -1 -1 2 1 1 8
16 -1 -1 2 3 1 8
16 -1 -1 0 2 1 8
1 -1 -1 0 2 2 8
3 0 0 0 0 2 8
0 0 0 3 0 2 8
19 -1 -1 2 3 1 8
2 2 0 3 0 3 8
19 -1 -1 3 3 3 8
15 -1 -1 1 2 3 8
15 -1 -1 2 2 1 8
18 -1 -1 2 1 1 8
17 -1 -1 1 0 1 8
13 -1 -1 2 2 1 8
3 0 1 0 3 1 8
18 -1 -1 0 2 2 8
13 -1 -1 0 3 0 8
14 -1 -1 2 1 3 8
11 -1 -1 2 1 0 8
19 -1 -1 1 0 2 8
19 -1 -1 0 3 3 8
14 -1 -1 2 3 0 8
17 -1 -1 1 3 0 8
3 1 1 1 2 0 7
9 -1 -1 2 3 1 7
3 1 1 3 2 2 7
3 1 1 0 2 2 7
6 -1 -1 0 1 1 7
9 -1 -1 1 3 3 7
0 -1 -1 1 1 1 7
11 -1 -1 2 3 1 7
2 0 1 0 1 0 7
0 3 1 1 2 3 7
1 0 1 3 0 0 7
1 0 1 3 1 0 7
0 1 1 0 2 0 7
0 0 1 0 1 0 7
3 2 1 0 2 0 7
0 0 1 3 1 0 7
14 -1 -1 0 0 2 7
1 2 1 1 0 1 7
1 1 1 3 3 0 7
2 3 1 3 1 2 7
6 -1 -1 0 3 3 7
1 -1 -1 3 2 2 7
3 0 1 2 0 0 7
1 0 0 2 1 3 7
3 2 1 1 2 0 7
0 -1 -1 1 0 3 7
3 0 1 3 1 2 7
1 0 1 1 1 2 7
0 0 1 1 1 1 7
1 2 1 3 0 0 7
8 -1 -1 1 1 3 7
7 -1 -1 1 3 2 7
1 0 1 0 1 0 7
1 2 1 2 3 1 7
3 1 1 1 2 2 7
2 1 1 3 1 0 7
0 2 1 3 2 0 7
9 -1 -1 2 2 1 7
3 -1 -1 3 0 3 7
0 1 1 3 2 2 7
1 0 1 1 2 0 7
3 2 0 3 3 3 7
9 -1 -1 3 2 3 7
13 -1 -1 0 0 1 7
1 2 0 2 1 3 7
3 1 1 2 3 0 7
2 0 1 3 1 1 7
2 0 0 2 3 2 7
3 0 1 1 2 0 7
1 1 1 0 2 2 7
3 2 1 0 3 1 7
18 -1 -1 3 3 1 7
1 -1 -1 3 2 3 7
11 -1 -1 3 0 2 7
0 2 1 2 3 2 7
0 1 1 2 3 1 7
2 -1 -1 1 3 3 7
1 0 1 3 0 2 7
3 -1 -1 3 2 1 7
3 0 2 0 1 0 7
3 2 1 2 3 2 7
2 1 1 3 2 3 7
9 -1 -1 0 1 2 7
7 -1 -1 3 3 2 7
3 0 2 0 1 1 7
3 2 1 2 1 3 7
1 -1 -1 1 1 2 7
3 1 1 3 3 2 7
2 3 1 0 1 1 7
2 -1 -1 1 3 1 7
2 1 1 0 3 0 7
1 2 2 3 3 0 7
14 -1 -1 2 3 3 7
6 -1 -1 3 1 1 7
4 -1 -1 0 3 3 7
5 -1 -1 3 3 1 7
6 -1 -1 2 0 3 7
8 -1 -1 2 1 2 7
11 -1 -1 2 0 3 7
4 -1 -1 2 2 0 7
18 -1 -1 3 1 3 7
21 -1 -1 3 2 2 7
21 -1 -1 1 2 3 7
21 -1 -1 2 2 1 7
24 -1 -1 1 2 0 7
25 -1 -1 0 1 2 7
23 -1 -1 0 2 1 7
1 3 1 2 3 1 7
0 0 0 2 2 0 7
28 -1 -1 1 2 2 7
15 -1 -1 1 0 3 7
15 -1 -1 3 3 2 7
2 1 1 3 1 1 7
16 -1 -1 2 0 3 7
21 -1 -1 2 0 0 7
12 -1 -1 2 0 2 7
2 1 0 2 3 3 7
10 -1 -1 1 0 3 7
7 -1 -1 0 2 1 7
15 -1 -1 3 0 3 7
13 -1 -1 3 2 2 7
24 -1 -1 0 0 2 7
16 -1 -1 2 2 1 7
25 -1 -1 1 1 1 7
22 -1 -1 0 3 0 7
22 -1 -1 2 2 1 7
22 -1 -1 3 1 1 7
0 -1 -1 1 3 2 7
28 -1 -1 1 1 0 7
15 -1 -1 0 3 0 7
12 -1 -1 2 1 2 7
19 -1 -1 3 2 2 7
27 -1 -1 0 1 0 7
9 -1 -1 3 1 2 7
1 2 0 0 1 3 7
2 2 0 0 2 2 7
26 -1 -1 1 1 0 7
18 -1 -1 1 3 2 7
23 -1 -1 3 2 2 7
10 -1 -1 0 2 3 7
18 -1 -1 1 0 3 7
21 -1 -1 2 0 3 7
15 -1 -1 2 1 0 7
22 -1 -1 2 2 0 7
19 -1 -1 1 3 0 7
16 -1 -1 2 3 0 7
3 -1 -1 0 1 2 7
13 -1 -1 1 3 0 7
23 -1 -1 1 3 1 7
9 -1 -1 2 1 2 7
19 -1 -1 1 2 2 7
18 -1 -1 3 1 2 7
16 -1 -1 1 0 0 7
6 -1 -1 3 3 2 7
3 -1 -1 0 3 0 7
23 -1 -1 1 2 3 7
23 -1 -1 3 3 0 7
12 -1 -1 0 2 3 7
1 1 1 0 3 1 7
17 -1 -1 1 2 3 7
23 -1 -1 1 1 0 7
21 -1 -1 1 1 2 7
1 0 1 3 2 1 7
0 2 1 0 0 0 6
0 0 1 1 3 1 6
1 -1 -1 0 0 2 6
0 1 1 0 3 2 6
0 1 1 2 2 0 6
0 2 1 1 2 3 6
2 0 1 3 1 0 6
1 -1 -1 2 0 3 6
1 2 0 1 3 2 6
1 1 1 0 2 1 6
0 2 1 0 3 2 6
2 2 1 0 3 2 6
3 0 1 2 1 2 6
1 0 0 0 1 3 6
1 0 1 1 1 0 6
1 1 2 1 2 0 6
1 -1 -1 1 2 2 6
1 1 1 2 2 0 6
1 1 1 1 0 0 6
1 0 0 3 0 1 6
3 1 1 2 1 0 6
2 0 1 3 1 3 6
1 2 1 2 2 0 6
0 1 1 1 2 1 6
4 -1 -1 2 0 3 6
2 3 1 3 0 2 6
2 0 1 0 1 2 6
2 1 1 1 2 3 6
3 0 1 1 0 0 6
2 0 1 1 1 3 6
3 1 2 1 2 1 6
2 2 1 1 3 2 6
1 2 1 1 3 2 6
1 0 1 3 1 3 6
0 0 1 3 1 3 6
3 -1 -1 0 1 3 6
3 2 1 3 3 2 6
3 0 1 0 1 2 6
2 0 1 2 1 3 6
0 -1 -1 0 0 2 6
3 2 1 1 0 0 6
2 1 1 2 2 3 6
0 2 1 3 3 3 6
7 -1 -1 1 2 3 6
2 1 1 3 3 3 6
0 2 1 1 0 3 6
3 2 1 1 2 3 6
1 1 2 0 2 0 6
12 -1 -1 2 2 3 6
6 -1 -1 1 3 2 6
1 1 1 0 3 2 6
8 -1 -1 2 0 2 6
4 -1 -1 3 1 2 6
10 -1 -1 3 0 0 6
3 0 2 0 0 1 6
2 2 1 2 1 1 6
24 -1 -1 1 1 1 6
22 -1 -1 2 3 1 6
27 -1 -1 0 0 0 6
25 -1 -1 1 2 3 6
27 -1 -1 3 1 0 6
2 -1 -1 2 1 3 6
21 -1 -1 3 3 3 6
30 -1 -1 2 1 0 6
26 -1 -1 1 0 0 6
25 -1 -1 3 1 2 6
17 -1 -1 3 1 3 6
24 -1 -1 3 1 1 6
23 -1 -1 3 3 3 6
20 -1 -1 3 3 1 6
15 -1 -1 3 2 3 6
15 -1 -1 3 3 3 6
23 -1 -1 2 2 2 6
1 -1 -1 1 3 2 6
17 -1 -1 0 2 2 6
27 -1 -1 3 3 0 6
18 -1 -1 2 1 3 6
25 -1 -1 1 0 3 6
14 -1 -1 2 2 0 6
11 -1 -1 1 3 3 6
22 -1 -1 1 2 3 6
21 -1 -1 3 0 1 6
13 -1 -1 0 2 1 6
22 -1 -1 0 0 2 6
23 -1 -1 2 2 3 6
2 -1 -1 1 1 2 6
11 -1 -1 2 1 2 6
22 -1 -1 3 3 1 6
20 -1 -1 2 2 1 6
16 -1 -1 0 3 1 6
16 -1 -1 1 2 1 6
16 -1 -1 3 2 1 6
16 -1 -1 0 1 1 6
21 -1 -1 3 1 1 6
23 -1 -1 3 0 3 6
1 1 1 2 3 1 6
0 -1 -1 1 3 1 6
18 -1 -1 1 3 1 6
24 -1 -1 3 0 1 6
2 -1 -1 3 3 2 6
3 2 0 0 2 1 6
13 -1 -1 2 2 2 6
28 -1 -1 0 2 0 6
16 -1 -1 2 1 2 6
25 -1 -1 2 0 0 6
20 -1 -1 3 3 0 6
3 -1 -1 1 0 0 6
3 -1 -1 3 3 2 6
3 -1 -1 3 2 2 6
11 -1 -1 2 2 2 6
15 -1 -1 1 2 2 6
15 -1 -1 0 0 2 6
13 -1 -1 0 1 3 6
24 -1 -1 2 0 3 6
18 -1 -1 1 0 1 6
17 -1 -1 1 0 2 6
23 -1 -1 0 2 0 6
5 -1 -1 0 1 1 6
1 -1 -1 3 0 3 6
3 0 1 2 0 1 6
7 -1 -1 3 1 3 6
16 -1 -1 3 2 0 6
21 -1 -1 0 3 2 6
15 -1 -1 3 0 1 6
9 -1 -1 1 3 2 6
2 2 1 3 3 0 5
2 2 1 1 3 0 5
3 0 1 3 1 0 5
14 -1 -1 0 1 2 5
1 2 2 2 3 1 5
3 1 2 1 3 1 5
1 1 2 2 2 1 5
3 2 1 1 3 0 5
0 2 1 0 3 0 5
2 0 1 1 1 1 5
0 0 1 1 0 0 5
2 1 0 0 2 2 5
0 2 0 2 3 3 5
1 1 1 3 2 0 5
0 2 2 1 3 1 5
6 -1 -1 0 2 1 5
0 2 1 1 3 0 5
0 0 1 3 1 2 5
2 2 0 1 3 3 5
2 2 2 0 3 1 5
0 0 1 2 1 1 5
7 -1 -1 0 0 2 5
7 -1 -1 0 1 3 5
2 1 1 3 2 0 5
1 1 1 3 2 2 5
2 0 1 0 1 1 5
1 1 1 0 2 3 5
1 0 1 0 2 0 5
7 -1 -1 2 1 3 5
0 2 1 2 3 0 5
1 1 2 3 2 1 5
2 0 1 1 0 0 5
1 -1 -1 2 0 2 5
6 -1 -1 3 2 2 5
2 2 1 1 2 0 5
0 2 1 3 3 1 5
1 2 1 3 3 2 5
0 0 1 1 1 3 5
3 0 2 3 1 1 5
0 0 1 2 1 2 5
2 0 2 2 1 0 5
1 0 1 2 1 3 5
1 1 1 2 2 2 5
2 0 1 2 2 0 5
2 1 1 3 3 0 5
2 1 2 2 2 0 5
1 1 1 2 1 0 5
0 2 1 2 0 2 5
0 -1 -1 0 2 2 5
1 0 1 0 1 2 5
2 0 1 3 1 2 5
3 0 1 0 1 3 5
15 -1 -1 2 3 2 5
0 2 1 1 3 2 5
2 1 2 3 2 1 5
4 -1 -1 3 3 1 5
0 2 1 3 2 2 5
3 1 2 0 2 1 5
1 0 0 2 2 2 5
2 2 1 1 0 0 5
7 -1 -1 1 3 3 5
0 1 2 3 2 1 5
2 0 2 2 1 1 5
4 -1 -1 0 0 2 5
3 -1 -1 2 3 3 5
1 2 1 2 1 2 5
2 1 2 3 3 1 5
4 -1 -1 3 0 3 5
2 -1 -1 2 3 2 5
4 -1 -1 3 3 2 5
2 3 0 2 2 0 5
2 1 1 1 0 2 5
12 -1 -1 0 1 2 5
22 -1 -1 0 1 2 5
6 -1 -1 1 1 3 5
13 -1 -1 2 3 3 5
25 -1 -1 3 2 3 5
29 -1 -1 2 3 0 5
3 0 2 0 2 1 5
27 -1 -1 1 1 2 5
26 -1 -1 0 1 3 5
18 -1 -1 3 3 2 5
26 -1 -1 0 2 1 5
7 -1 -1 2 0 2 5
3 0 1 1 2 3 5
16 -1 -1 3 3 3 5
10 -1 -1 3 0 3 5
11 -1 -1 0 0 2 5
1 0 1 0 2 2 5
27 -1 -1 3 3 3 5
15 -1 -1 2 3 1 5
24 -1 -1 1 0 1 5
3 3 1 3 0 3 5
18 -1 -1 1 1 3 5
28 -1 -1 1 0 2 5
22 -1 -1 1 3 3 5
15 -1 -1 1 3 1 5
11 -1 -1 3 3 3 5
29 -1 -1 0 0 0 5
24 -1 -1 0 1 3 5
12 -1 -1 2 3 1 5
25 -1 -1 3 0 2 5
13 -1 -1 1 2 1 5
12 -1 -1 3 1 2 5
17 -1 -1 3 3 0 5
16 -1 -1 3 0 1 5
16 -1 -1 3 3 1 5
25 -1 -1 2 0 2 5
3 1 2 0 0 1 5
26 -1 -1 3 0 0 5
16 -1 -1 1 1 2 5
15 -1 -1 0 3 1 5
8 -1 -1 2 3 1 5
23 -1 -1 1 1 2 5
4 -1 -1 2 3 3 5
20 -1 -1 0 2 3 5
8 -1 -1 0 3 3 5
9 -1 -1 0 1 1 5
18 -1 -1 0 1 2 5
26 -1 -1 1 3 0 5
11 -1 -1 3 2 0 5
7 -1 -1 1 1 3 5
10 -1 -1 3 1 1 5
9 -1 -1 0 1 3 5
17 -1 -1 1 1 2 5
26 -1 -1 2 2 2 5
3 1 1 0 1 3 5
15 -1 -1 3 1 2 5
14 -1 -1 2 0 3 5
24 -1 -1 1 3 3 5
25 -1 -1 0 1 0 5
25 -1 -1 3 0 0 5
1 1 1 3 3 1 5
22 -1 -1 1 0 0 5
16 -1 -1 0 0 2 5
24 -1 -1 0 1 0 5
14 -1 -1 0 3 2 5
2 0 0 0 2 1 5
24 -1 -1 2 1 2 5
5 -1 -1 0 2 2 5
3 -1 -1 1 2 0 5
14 -1 -1 3 0 1 5
21 -1 -1 1 1 1 5
3 -1 -1 1 0 3 5
22 -1 -1 2 0 1 5
22 -1 -1 3 0 1 5
4 -1 -1 3 3 0 5
19 -1 -1 3 0 1 5
1 0 1 2 3 0 5
0 2 0 1 0 0 5
22 -1 -1 3 0 0 5
18 -1 -1 0 0 0 5
2 2 1 2 0 0 4
2 2 2 1 3 1 4
9 -1 -1 2 1 3 4
0 0 1 2 1 0 4
0 2 1 1 2 0 4
2 2 1 2 3 2 4
1 1 1 1 3 2 4
0 1 1 1 2 3 4
0 1 1 2 1 0 4
1 0 1 1 3 2 4
2 -1 -1 2 3 3 4
1 2 1 0 3 0 4
0 1 1 3 0 0 4
0 1 1 3 2 0 4
3 1 2 1 2 0 4
0 3 1 2 3 1 4
3 0 2 1 1 0 4
1 0 2 3 2 1 4
3 1 1 0 1 2 4
3 1 2 2 2 1 4
3 1 2 2 1 2 4
2 1 1 2 2 2 4
1 2 1 2 3 0 4
0 1 1 1 2 0 4
1 2 0 3 3 3 4
1 2 1 1 3 3 4
1 2 1 3 3 0 4
1 2 2 1 3 3 4
0 3 1 2 0 0 4
2 1 1 2 2 0 4
1 1 1 1 2 3 4
2 0 1 1 1 2 4
3 0 1 1 1 1 4
1 1 1 0 2 0 4
3 2 1 0 3 0 4
2 2 1 3 3 2 4
3 1 1 2 2 2 4
0 0 1 1 1 2 4
2 1 1 1 3 0 4
3 2 1 1 3 2 4
1 3 1 2 0 2 4
1 1 1 0 3 0 4
1 0 1 2 1 2 4
3 1 1 2 0 0 4
3 2 2 1 3 1 4
2 0 1 2 1 2 4
0 2 1 0 3 3 4
1 2 1 0 3 2 4
0 2 1 2 3 3 4
2 0 1 0 1 3 4
12 -1 -1 1 3 3 4
3 2 2 0 3 1 4
3 3 1 1 1 1 4
12 -1 -1 3 3 3 4
3 1 1 2 1 2 4
2 0 1 0 0 0 4
12 -1 -1 0 3 3 4
3 2 2 2 3 1 4
2 2 2 3 3 0 4
1 2 1 3 3 3 4
2 2 1 2 0 2 4
2 2 2 1 3 0 4
1 0 1 0 1 3 4
0 -1 -1 0 3 3 4
1 2 2 2 3 2 4
7 -1 -1 1 1 2 4
2 2 2 1 3 2 4
3 0 2 0 1 2 4
1 0 1 2 3 2 4
3 2 2 2 3 2 4
2 0 2 0 1 0 4
2 2 1 1 1 3 4
1 0 2 3 1 3 4
2 0 1 0 3 0 4
0 2 2 1 1 1 4
1 0 2 1 2 2 4
12 -1 -1 1 1 2 4
6 -1 -1 2 1 3 4
22 -1 -1 3 2 3 4
24 -1 -1 2 1 3 4
28 -1 -1 1 0 1 4
13 -1 -1 0 0 2 4
24 -1 -1 3 1 3 4
26 -1 -1 1 1 1 4
20 -1 -1 3 1 1 4
3 0 0 1 3 2 4
24 -1 -1 0 1 1 4
16 -1 -1 3 3 2 4
6 -1 -1 1 2 3 4
22 -1 -1 3 2 2 4
4 -1 -1 1 1 3 4
15 -1 -1 3 3 1 4
18 -1 -1 3 3 3 4
1 1 1 2 3 2 4
9 -1 -1 2 3 3 4
19 -1 -1 3 1 2 4
18 -1 -1 2 3 3 4
25 -1 -1 3 1 1 4
16 -1 -1 3 0 3 4
7 -1 -1 3 3 3 4
26 -1 -1 0 3 3 4
25 -1 -1 1 3 3 4
14 -1 -1 3 3 3 4
23 -1 -1 3 0 2 4
27 -1 -1 0 2 1 4
21 -1 -1 3 2 0 4
22 -1 -1 0 3 3 4
16 -1 -1 1 3 1 4
16 -1 -1 1 1 1 4
27 -1 -1 3 0 2 4
26 -1 -1 3 1 0 4
17 -1 -1 2 0 3 4
26 -1 -1 2 2 0 4
21 -1 -1 3 0 0 4
4 -1 -1 1 3 2 4
21 -1 -1 0 1 3 4
13 -1 -1 2 3 1 4
13 -1 -1 2 0 3 4
19 -1 -1 1 3 1 4
13 -1 -1 1 3 3 4
9 -1 -1 0 3 2 4
13 -1 -1 2 1 3 4
14 -1 -1 2 0 2 4
3 0 1 3 2 1 4
3 -1 -1 2 2 2 4
27 -1 -1 1 1 0 4
19 -1 -1 1 1 2 4
3 -1 -1 2 3 1 4
20 -1 -1 3 0 3 4
27 -1 -1 2 3 1 4
25 -1 -1 0 2 1 4
23 -1 -1 1 2 2 4
8 -1 -1 3 3 1 4
23 -1 -1 0 3 2 4
22 -1 -1 1 1 0 4
26 -1 -1 3 3 0 4
22 -1 -1 1 2 0 4
20 -1 -1 1 0 3 4
24 -1 -1 1 3 2 4
17 -1 -1 0 1 3 4
0 1 0 3 3 3 4
27 -1 -1 2 2 2 4
29 -1 -1 1 3 0 4
21 -1 -1 2 3 2 4
18 -1 -1 0 0 1 4
24 -1 -1 3 2 2 4
13 -1 -1 1 0 3 4
18 -1 -1 3 1 1 4
3 -1 -1 1 1 3 4
1 -1 -1 2 2 3 4
22 -1 -1 1 3 0 4
23 -1 -1 2 1 3 4
1 0 1 1 2 1 4
16 -1 -1 0 2 2 4
22 -1 -1 2 0 2 4
15 -1 -1 1 0 2 4
2 1 1 2 0 1 4
1 0 2 0 0 1 4
11 -1 -1 0 0 3 4
3 1 1 3 2 0 3
0 1 1 0 2 3 3
0 1 2 1 2 1 3
1 3 1 3 2 3 3
2 1 1 0 2 0 3
2 0 2 2 2 3 3
1 2 1 2 3 3 3
3 2 1 1 3 3 3
3 2 2 3 3 1 3
0 0 2 3 1 3 3
1 1 2 1 2 1 3
1 0 2 0 1 0 3
1 1 1 1 2 0 3
0 2 2 1 3 0 3
2 2 2 2 3 1 3
2 2 1 0 3 0 3
3 0 2 2 1 0 3
1 2 2 3 1 1 3
0 1 1 0 2 1 3
0 0 1 1 1 0 3
1 0 2 3 1 1 3
0 1 1 2 2 2 3
2 2 1 0 3 3 3
2 1 2 0 2 1 3
3 0 1 1 1 2 3
2 2 2 0 3 3 3
3 2 2 1 3 0 3
1 2 2 0 3 1 3
2 1 1 1 2 2 3
0 0 2 0 1 3 3
1 2 1 0 3 3 3
1 2 2 1 3 1 3
2 1 2 3 2 3 3
1 1 2 1 2 2 3
1 0 2 0 1 3 3
0 0 2 0 1 1 3
0 0 1 2 1 3 3
0 2 2 0 3 1 3
0 0 1 0 1 2 3
1 1 2 0 1 1 3
1 2 1 3 1 0 3
3 0 2 2 1 1 3
2 1 2 2 2 1 3
2 2 1 2 3 3 3
2 2 1 3 3 3 3
1 0 2 0 1 1 3
2 0 2 3 1 3 3
3 0 2 3 1 2 3
3 2 1 2 3 3 3
0 3 1 2 3 0 3
1 2 1 3 2 2 3
2 0 2 3 1 1 3
3 1 2 1 2 3 3
0 0 2 0 1 2 3
3 2 2 2 3 0 3
1 1 2 2 2 0 3
12 -1 -1 3 3 2 3
3 0 2 3 1 0 3
3 0 2 1 1 1 3
1 2 2 1 3 2 3
1 2 2 0 3 0 3
2 2 2 3 3 2 3
0 0 2 1 1 1 3
0 2 2 3 3 0 3
0 0 2 1 1 0 3
0 0 2 2 1 1 3
1 2 1 1 1 2 3
0 0 1 2 0 2 3
0 1 2 0 2 2 3
3 3 1 2 2 3 3
1 0 2 3 1 0 3
1 0 2 1 1 3 3
1 0 1 3 2 3 3
1 1 2 3 2 2 3
0 3 1 1 3 2 3
1 3 1 0 2 0 3
1 3 1 1 0 3 3
2 0 2 3 3 1 3
1 3 0 0 2 0 3
2 1 2 1 2 3 3
3 0 2 3 1 3 3
25 -1 -1 3 2 1 3
15 -1 -1 0 1 3 3
29 -1 -1 0 0 2 3
28 -1 -1 1 1 3 3
24 -1 -1 0 1 2 3
26 -1 -1 3 3 3 3
17 -1 -1 3 0 3 3
2 -1 -1 0 3 3 3
0 2 2 0 0 0 3
0 1 2 0 3 0 3
2 3 1 1 3 1 3
1 -1 -1 0 3 3 3
30 -1 -1 1 3 2 3
1 0 2 3 3 2 3
20 -1 -1 2 2 3 3
1 3 1 0 0 2 3
0 1 1 3 1 3 3
2 2 2 3 2 1 3
27 -1 -1 2 0 0 3
20 -1 -1 1 2 3 3
27 -1 -1 3 0 3 3
21 -1 -1 0 0 1 3
2 1 1 1 3 3 3
31 -1 -1 2 1 1 3
2 1 1 1 0 3 3
2 2 0 0 0 2 3
14 -1 -1 3 3 1 3
25 -1 -1 2 1 1 3
29 -1 -1 3 0 1 3
10 -1 -1 0 0 3 3
3 1 1 0 1 0 3
21 -1 -1 0 2 1 3
1 2 2 1 0 1 3
31 -1 -1 3 0 3 3
23 -1 -1 0 3 0 3
27 -1 -1 3 2 2 3
32 -1 -1 0 0 3 3
3 -1 -1 1 3 2 3
7 -1 -1 1 2 2 3
21 -1 -1 0 3 1 3
27 -1 -1 0 3 0 3
25 -1 -1 2 2 2 3
1 3 1 1 0 0 3
26 -1 -1 2 2 1 3
24 -1 -1 0 3 1 3
23 -1 -1 0 0 0 3
2 -1 -1 0 0 2 3
27 -1 -1 1 3 1 3
25 -1 -1 2 3 2 3
20 -1 -1 3 3 2 3
21 -1 -1 1 3 3 3
27 -1 -1 0 2 3 3
18 -1 -1 2 1 2 3
15 -1 -1 3 2 2 3
5 -1 -1 3 3 0 3
26 -1 -1 2 2 3 3
11 -1 -1 0 3 0 3
30 -1 -1 0 0 2 3
21 -1 -1 2 2 2 3
20 -1 -1 0 3 1 3
22 -1 -1 1 3 1 3
22 -1 -1 1 0 1 3
22 -1 -1 3 2 1 3
10 -1 -1 2 0 2 3
11 -1 -1 1 2 2 3
1 0 1 1 3 1 3
22 -1 -1 1 0 2 3
9 -1 -1 1 0 1 3
2 -1 -1 2 1 2 3
27 -1 -1 1 2 0 3
17 -1 -1 1 0 3 3
3 -1 -1 2 3 0 3
3 0 2 3 3 0 3
12 -1 -1 3 1 1 3
2 1 0 2 0 1 3
14 -1 -1 1 1 2 3
5 -1 -1 3 3 2 3
3 1 2 3 3 2 2
3 1 2 0 2 3 2
0 2 2 3 3 1 2
2 2 1 1 3 3 2
0 1 2 2 2 2 2
3 2 1 3 3 3 2
1 0 2 1 1 2 2
1 0 2 2 1 1 2
1 1 2 0 2 1 2
2 2 2 3 3 1 2
0 1 2 2 3 2 2
2 0 2 0 1 2 2
0 2 2 2 3 0 2
0 0 1 0 1 1 2
1 1 2 0 2 2 2
0 2 2 3 1 3 2
3 1 2 3 2 0 2
2 2 2 2 0 1 2
2 0 1 2 1 0 2
2 0 2 3 1 2 2
0 2 2 0 3 0 2
0 0 1 3 3 0 2
3 3 1 3 2 0 2
3 3 2 1 1 1 2
1 2 2 3 3 1 2
2 -1 -1 0 2 3 2
1 2 2 2 3 0 2
3 1 2 0 2 2 2
1 0 1 0 3 0 2
1 0 1 1 1 3 2
0 1 2 2 2 1 2
0 1 2 3 2 2 2
1 1 2 1 2 3 2
0 3 1 2 3 2 2
1 2 2 1 3 0 2
0 1 2 2 2 0 2
3 1 1 1 2 3 2
0 2 1 1 3 3 2
0 1 2 3 2 3 2
3 1 2 0 2 0 2
3 2 2 0 3 3 2
3 1 2 1 2 2 2
2 0 2 0 1 1 2
3 0 2 2 1 2 2
3 2 2 0 3 0 2
1 2 2 3 3 2 2
0 1 2 0 2 0 2
1 2 2 0 3 3 2
0 2 2 2 3 2 2
2 2 2 0 3 2 2
3 2 1 0 3 3 2
3 3 2 1 3 2 2
3 1 2 3 2 1 2
2 0 2 1 1 0 2
1 1 2 2 2 3 2
0 0 2 2 1 3 2
2 1 2 1 2 0 2
1 0 2 2 1 2 2
1 1 2 3 2 0 2
2 2 2 3 1 1 2
2 2 2 2 3 2 2
0 1 2 1 2 2 2
0 1 1 0 0 0 2
3 0 2 1 1 2 2
2 2 2 0 3 0 2
1 0 2 1 3 1 2
2 1 2 3 2 2 2
3 1 2 3 2 2 2
0 1 1 0 3 0 2
3 1 2 2 2 2 2
3 2 2 1 3 3 2
0 0 2 1 1 3 2
0 2 2 2 3 3 2
2 2 2 1 3 3 2
2 2 1 3 2 0 2
31 -1 -1 1 0 2 2
1 2 2 0 1 1 2
3 0 2 1 1 3 2
9 -1 -1 3 3 3 2
1 1 2 3 2 3 2
24 -1 -1 0 0 1 2
2 0 2 0 1 3 2
1 2 2 2 3 3 2
27 -1 -1 1 3 2 2
28 -1 -1 2 1 0 2
30 -1 -1 0 0 1 2
32 -1 -1 1 2 0 2
28 -1 -1 0 2 1 2
4 -1 -1 3 0 1 2
29 -1 -1 1 3 2 2
1 0 2 2 3 1 2
32 -1 -1 3 0 1 2
20 -1 -1 2 3 3 2
23 -1 -1 2 3 2 2
2 3 1 3 2 2 2
30 -1 -1 2 2 0 2
29 -1 -1 0 0 1 2
28 -1 -1 3 3 2 2
27 -1 -1 0 1 1 2
3 -1 -1 0 3 2 2
25 -1 -1 0 2 3 2
24 -1 -1 2 2 3 2
3 0 1 3 3 2 2
14 -1 -1 2 0 1 2
28 -1 -1 3 2 1 2
16 -1 -1 2 0 2 2
30 -1 -1 2 2 1 2
2 0 2 0 0 3 2
15 -1 -1 2 3 3 2
26 -1 -1 1 0 2 2
19 -1 -1 0 1 2 2
7 -1 -1 0 0 3 2
2 1 2 1 1 2 2
17 -1 -1 0 3 3 2
31 -1 -1 1 0 0 2
29 -1 -1 1 0 1 2
10 -1 -1 3 1 3 2
7 -1 -1 0 2 2 2
2 3 1 1 3 3 2
0 1 2 1 3 1 2
15 -1 -1 0 2 2 2
24 -1 -1 0 3 3 2
25 -1 -1 3 0 3 2
16 -1 -1 2 3 3 2
3 -1 -1 3 3 3 2
22 -1 -1 1 1 1 2
1 1 1 3 1 3 2
20 -1 -1 1 1 3 2
18 -1 -1 2 2 1 2
25 -1 -1 1 3 1 2
2 1 2 3 0 3 2
26 -1 -1 1 0 1 2
27 -1 -1 1 0 3 2
26 -1 -1 3 0 1 2
28 -1 -1 2 3 2 2
21 -1 -1 1 0 3 2
8 -1 -1 1 3 1 2
2 -1 -1 2 2 1 2
3 3 0 1 3 3 2
26 -1 -1 3 0 2 2
9 -1 -1 2 0 3 2
2 3 1 1 0 1 2
10 -1 -1 0 0 1 2
6 -1 -1 3 0 3 2
26 -1 -1 3 1 3 2
16 -1 -1 2 1 0 2
22 -1 -1 0 2 0 2
0 0 1 0 3 1 2
7 -1 -1 3 0 2 2
14 -1 -1 0 2 3 2
17 -1 -1 3 2 1 2
23 -1 -1 1 0 1 2
7 -1 -1 0 3 3 2
23 -1 -1 3 1 2 2
0 0 0 3 2 1 2
12 -1 -1 1 0 0 2
9 -1 -1 1 1 1 2
0 1 1 0 0 1 2
29 -1 -1 1 0 3 2
19 -1 -1 2 1 3 2
22 -1 -1 0 1 0 2
23 -1 -1 0 1 0 2
18 -1 -1 3 0 2 2
22 -1 -1 2 1 3 2
0 2 2 1 1 3 1
1 1 2 3 1 2 1
3 2 2 3 3 0 1
2 1 2 0 3 3 1
1 0 2 3 1 2 1
0 1 2 0 2 1 1
1 0 2 0 1 2 1
3 2 2 1 3 2 1
2 3 2 1 0 3 1
1 0 2 1 1 1 1
3 1 2 2 2 0 1
0 3 2 2 3 2 1
0 0 2 3 1 0 1
3 2 2 2 3 3 1
2 1 2 2 2 2 1
2 1 2 1 2 1 1
0 2 2 3 3 3 1
2 0 2 3 1 0 1
2 0 2 1 1 1 1
0 2 1 2 2 0 1
3 1 2 3 2 3 1
3 2 1 0 3 2 1
0 2 2 2 3 1 1
0 2 2 3 3 2 1
1 1 2 2 2 2 1
3 0 2 2 1 3 1
0 0 2 0 1 0 1
0 0 2 3 1 1 1
0 1 2 1 2 0 1
2 2 2 2 3 0 1
0 3 2 3 2 0 1
2 0 2 1 1 2 1
0 0 2 3 1 2 1
0 0 2 1 1 2 1
1 3 2 2 3 0 1
0 1 2 0 2 3 1
1 0 2 2 1 0 1
0 2 2 0 3 2 1
1 0 2 1 1 0 1
0 0 1 0 1 3 1
3 2 2 3 3 2 1
0 2 2 1 3 2 1
3 3 1 2 3 0 1
3 3 1 1 3 0 1
2 0 2 2 1 3 1
0 1 2 3 2 0 1
2 1 2 0 2 0 1
3 2 2 3 3 3 1
3 0 2 0 1 3 1
1 0 2 2 1 3 1
2 1 2 2 2 3 1
1 1 2 0 2 3 1
1 2 2 0 3 2 1
2 3 2 3 3 1 1
2 0 2 2 1 2 1
0 0 2 2 1 0 1
2 1 2 3 2 0 1
3 2 2 0 3 2 1
0 1 2 1 2 3 1
2 0 2 1 1 3 1
0 2 2 0 3 3 1
2 1 2 1 2 2 1
2 1 2 0 2 2 1
0 0 2 2 1 2 1
1 2 2 3 3 3 1
2 2 2 3 3 3 1
2 2 2 2 3 3 1
2 1 2 0 2 3 1
3 1 2 2 2 3 1
0 2 2 1 3 3 1
2 1 2 0 0 2 1
29 -1 -1 2 0 3 1
30 -1 -1 2 0 1 1
32 -1 -1 3 3 1 1
1 2 2 3 1 0 1
0 0 2 1 3 0 1
0 1 2 2 2 3 1
3 0 2 0 0 2 1
1 0 2 3 2 2 1
32 -1 -1 0 1 1 1
31 -1 -1 3 1 2 1
30 -1 -1 3 3 3 1
29 -1 -1 3 2 3 1
28 -1 -1 0 2 3 1
29 -1 -1 2 3 3 1
31 -1 -1 0 1 0 1
29 -1 -1 2 1 3 1
30 -1 -1 1 2 3 1
1 1 2 3 1 0 1
2 1 1 0 0 3 1
33 -1 -1 3 3 2 1
26 -1 -1 0 1 2 1
27 -1 -1 3 1 1 1
2 2 2 1 2 3 1
32 -1 -1 0 3 1 1
35 -1 -1 2 1 0 1
35 -1 -1 3 1 1 1
30 -1 -1 0 0 0 1
34 -1 -1 3 0 2 1
33 -1 -1 3 3 0 1
26 -1 -1 0 0 2 1
29 -1 -1 0 3 1 1
33 -1 -1 1 2 3 1
30 -1 -1 1 0 3 1
2 0 1 0 3 2 1
0 1 2 2 3 1 1
29 -1 -1 1 2 2 1
25 -1 -1 3 3 1 1
31 -1 -1 3 2 1 1
29 -1 -1 0 2 2 1
1 1 2 0 0 3 1
27 -1 -1 1 1 1 1
0 0 1 2 2 2 1
0 0 2 1 3 2 1
30 -1 -1 2 3 0 1
22 -1 -1 2 2 3 1
29 -1 -1 3 1 1 1
32 -1 -1 1 0 2 1
34 -1 -1 0 0 3 1
28 -1 -1 0 1 0 1
32 -1 -1 2 2 0 1
33 -1 -1 0 1 2 1
12 -1 -1 3 2 3 1
3 -1 -1 1 2 3 1
31 -1 -1 3 0 1 1
31 -1 -1 1 2 1 1
31 -1 -1 2 2 1 1
31 -1 -1 2 0 0 1
31 -1 -1 0 0 1 1
31 -1 -1 0 2 1 1
31 -1 -1 2 3 1 1
31 -1 -1 0 1 1 1
22 -1 -1 0 2 1 1
22 -1 -1 2 1 1 1
1 -1 -1 0 0 3 1
22 -1 -1 0 3 1 1
1 0 1 1 2 3 1
1 0 1 2 0 0 1
13 -1 -1 0 0 3 1
21 -1 -1 1 2 2 1
1 0 1 2 2 1 1
30 -1 -1 1 0 0 1
25 -1 -1 3 0 1 1
8 -1 -1 2 3 3 1
30 -1 -1 3 3 1 1
3 0 1 1 0 2 1
28 -1 -1 1 2 1 1
26 -1 -1 1 0 3 1
31 -1 -1 3 2 0 1
29 -1 -1 2 2 0 1
30 -1 -1 1 1 0 1
2 2 1 3 0 2 1
29 -1 -1 0 1 2 1
2 -1 -1 1 3 2 1
28 -1 -1 0 2 2 1
3 0 2 3 2 0 1
25 -1 -1 0 0 1 1
6 -1 -1 2 3 3 1
0 2 1 0 1 3 1
27 -1 -1 0 3 3 1
28 -1 -1 2 1 2 1
2 1 1 2 3 3 1
30 -1 -1 0 2 2 1
5 -1 -1 0 2 3 1
1 0 1 1 2 2 1
28 -1 -1 1 0 0 1
24 -1 -1 0 2 3 1
19 -1 -1 0 1 3 1
28 -1 -1 0 1 2 1
27 -1 -1 2 2 0 1
11 -1 -1 1 2 3 1
21 -1 -1 0 0 3 1
29 -1 -1 2 0 0 1
13 -1 -1 0 3 2 1
23 -1 -1 2 3 3 1
22 -1 -1 0 3 2 1
23 -1 -1 2 0 2 1
28 -1 -1 0 1 1 1
8 -1 -1 0 2 2 1
1 3 1 1 0 1 1
21 -1 -1 0 1 2 1
19 -1 -1 3 1 0 1
0 0 0 0 3 0 1
7 -1 -1 3 3 0 1
20 -1 -1 3 0 2 1
