1 1 0 3 2 1
0 0 1 0 1 0
12 -1 -1 3 1 3
4 -1 -1 2 2 2
14 -1 -1 3 0 1
0 0 1 1 1 2
15 -1 -1 0 0 0
2 -1 -1 1 3 0
2 3 1 0 0 3
3 0 0 3 1 1
7 -1 -1 1 1 1
0 -1 -1 3 3 0
2 0 1 0 1 3
5 -1 -1 2 3 1
8 -1 -1 3 2 2
19 -1 -1 1 1 0
3 1 1 2 0 2
13 -1 -1 2 2 0
17 -1 -1 1 2 3
26 -1 -1 0 0 1
1 0 0 2 2 3
2 0 0 0 1 1
18 -1 -1 2 1 0
21 -1 -1 1 1 3
2 2 0 0 3 0
16 -1 -1 3 3 2
22 -1 -1 3 3 3
1 -1 -1 2 0 0
3 1 1 3 2 0
3 1 2 2 2 1
1 2 2 3 3 1
23 -1 -1 0 0 2
6 -1 -1 0 1 2
23 -1 -1 3 1 0
9 -1 -1 1 2 2
3 1 0 1 2 0
10 -1 -1 1 0 0
2 1 0 1 3 1
2 1 0 0 2 0
3 3 0 0 3 1
0 1 0 1 0 1
1 3 0 2 3 0
25 -1 -1 0 2 3
24 -1 -1 2 0 3
11 -1 -1 0 2 2
27 -1 -1 0 2 1
1 2 1 2 3 2
0 2 0 2 3 3
3 -1 -1 1 2 1
15 -1 -1 3 0 0
20 -1 -1 2 0 1
2 3 1 3 1 2
