30 -1 -1 3 3 2
3 1 0 1 3 1
2 1 0 1 3 0
2 3 0 1 1 3
3 3 0 1 3 3
2 1 0 0 2 2
7 -1 -1 1 3 2
1 2 0 2 2 3
0 3 1 2 3 1
1 -1 -1 3 2 3
25 -1 -1 2 3 0
9 -1 -1 0 1 2
16 -1 -1 1 0 0
27 -1 -1 0 3 2
22 -1 -1 3 0 0
31 -1 -1 0 3 0
14 -1 -1 0 0 3
2 1 0 2 2 1
2 -1 -1 3 1 0
17 -1 -1 2 1 0
3 2 0 3 1 1
2 0 0 3 3 1
23 -1 -1 0 1 1
1 0 1 1 1 1
6 -1 -1 2 2 0
2 1 0 0 1 3
20 -1 -1 3 2 2
15 -1 -1 3 2 1
24 -1 -1 0 2 1
0 1 1 1 2 1
15 -1 -1 3 0 3
18 -1 -1 2 0 1
28 -1 -1 3 0 1
0 2 1 0 3 3
13 -1 -1 0 2 0
21 -1 -1 2 2 2
19 -1 -1 3 1 3
3 0 1 1 0 3
26 -1 -1 0 0 0
5 -1 -1 1 1 0
10 -1 -1 3 3 3
26 -1 -1 3 3 0
1 0 0 0 0 1
8 -1 -1 1 1 2
12 -1 -1 3 0 2
29 -1 -1 2 0 0
0 0 1 3 1 2
0 -1 -1 0 3 1
29 -1 -1 3 2 0
3 0 1 0 0 2
3 -1 -1 1 0 1
11 -1 -1 1 0 2
4 -1 -1 0 1 0
32 -1 -1 1 2 0
