3 1 0 1 2 2
2 0 0 3 3 2
15 -1 -1 0 2 1
3 0 0 1 1 1
24 -1 -1 3 0 1
0 1 0 0 3 0
0 0 0 3 3 0
0 3 0 2 3 2
10 -1 -1 3 0 2
19 -1 -1 0 1 0
0 1 0 2 0 0
3 2 0 2 2 0
3 0 0 3 1 1
7 -1 -1 1 0 2
9 -1 -1 1 2 0
0 -1 -1 2 1 1
1 0 1 2 0 1
0 1 0 3 2 0
0 0 0 2 1 2
26 -1 -1 3 2 2
0 0 0 0 2 0
1 1 0 2 0 3
0 0 0 1 3 0
0 0 0 3 2 3
14 -1 -1 2 1 3
16 -1 -1 1 3 1
2 2 0 3 3 3
28 -1 -1 0 2 2
11 -1 -1 2 0 2
27 -1 -1 2 3 0
1 0 0 1 2 1
20 -1 -1 3 1 0
1 -1 -1 2 2 3
8 -1 -1 3 2 1
13 -1 -1 3 3 1
2 -1 -1 1 0 3
17 -1 -1 2 2 1
5 -1 -1 1 1 0
12 -1 -1 1 0 0
4 -1 -1 2 3 1
0 1 0 2 1 0
21 -1 -1 3 0 3
0 2 0 2 3 3
22 -1 -1 0 3 1
3 -1 -1 1 0 1
25 -1 -1 1 2 3
23 -1 -1 2 2 2
18 -1 -1 0 2 3
6 -1 -1 3 0 0
2 -1 -1 0 0 0
