2 2 1 2 3 3
9 -1 -1 2 3 0
26 -1 -1 3 0 0
0 -1 -1 1 0 0
32 -1 -1 0 1 1
17 -1 -1 3 3 0
2 2 1 1 3 3
8 -1 -1 1 1 1
22 -1 -1 1 2 2
33 -1 -1 0 3 2
0 1 0 0 0 1
15 -1 -1 1 3 2
2 2 1 1 0 1
0 1 0 0 2 1
2 2 1 3 0 3
6 -1 -1 0 3 0
10 -1 -1 0 2 0
16 -1 -1 0 1 0
31 -1 -1 2 2 1
13 -1 -1 2 0 0
19 -1 -1 3 0 2
27 -1 -1 0 0 2
20 -1 -1 2 2 3
28 -1 -1 3 3 2
0 1 0 1 3 1
2 2 1 3 2 3
5 -1 -1 0 0 0
18 -1 -1 2 1 3
30 -1 -1 2 2 0
0 1 0 3 3 1
14 -1 -1 3 2 0
2 2 1 0 3 3
21 -1 -1 3 0 1
0 1 0 2 3 1
1 1 0 2 1 1
11 -1 -1 1 2 0
3 -1 -1 1 1 0
0 1 0 3 1 1
0 1 0 3 2 1
2 -1 -1 3 1 2
1 -1 -1 0 1 2
23 -1 -1 0 1 3
29 -1 -1 2 3 2
2 2 1 3 1 3
0 1 0 0 3 1
4 -1 -1 3 2 2
2 2 1 1 2 3
7 -1 -1 1 3 0
0 1 0 2 0 1
12 -1 -1 2 2 2
24 -1 -1 3 1 0
2 2 1 3 3 3
2 2 1 0 0 3
25 -1 -1 2 1 0
1 2 0 2 1 2
0 1 0 1 2 1
