1 2 0 2 3 2
1 -1 -1 0 1 1
0 0 0 1 3 1
17 -1 -1 3 3 0
20 -1 -1 3 2 0
0 2 0 3 2 1
10 -1 -1 2 3 3
18 -1 -1 2 2 3
0 0 1 3 1 1
2 3 0 0 2 3
2 -1 -1 1 1 0
0 1 0 1 1 2
1 1 0 3 0 1
9 -1 -1 2 1 2
3 -1 -1 1 1 1
7 -1 -1 0 0 0
22 -1 -1 1 3 0
1 1 1 0 2 2
12 -1 -1 1 0 1
3 1 0 2 2 1
0 3 0 2 3 1
2 2 1 1 3 2
18 -1 -1 2 3 0
6 -1 -1 3 1 0
11 -1 -1 0 0 3
0 0 0 0 3 1
14 -1 -1 0 0 2
19 -1 -1 1 0 0
0 -1 -1 2 1 0
5 -1 -1 3 2 2
2 1 0 3 2 3
13 -1 -1 2 2 2
2 2 0 1 2 1
15 -1 -1 0 3 0
15 -1 -1 1 1 3
4 -1 -1 2 2 0
19 -1 -1 1 2 0
17 -1 -1 0 2 0
8 -1 -1 0 0 1
16 -1 -1 3 3 1
21 -1 -1 0 1 0
3 3 0 2 1 1
1 0 0 0 2 1
1 3 0 3 3 3
3 0 0 3 3 2
22 -1 -1 3 0 0
