3 1 0 3 2 1
3 0 1 1 1 3
2 0 2 2 1 3
23 -1 -1 3 1 2
3 -1 -1 0 0 2
19 -1 -1 0 3 1
3 2 0 0 0 3
20 -1 -1 0 3 2
8 -1 -1 1 3 1
2 3 0 0 2 0
5 -1 -1 2 2 0
17 -1 -1 2 0 2
0 -1 -1 0 0 1
2 -1 -1 1 1 0
25 -1 -1 3 3 0
6 -1 -1 2 0 3
18 -1 -1 0 1 0
2 2 0 0 2 2
13 -1 -1 1 3 2
21 -1 -1 2 1 2
15 -1 -1 3 0 2
0 3 0 3 1 0
1 3 1 1 1 2
3 1 0 1 0 1
2 0 0 3 1 1
24 -1 -1 2 1 0
10 -1 -1 0 1 1
25 -1 -1 3 0 0
7 -1 -1 3 0 1
25 -1 -1 1 3 0
26 -1 -1 3 1 3
2 2 0 1 3 3
1 -1 -1 0 2 1
2 3 0 3 3 1
25 -1 -1 0 1 2
1 1 0 0 2 3
0 1 2 1 2 0
18 -1 -1 1 0 0
1 3 0 2 3 0
4 -1 -1 2 1 1
16 -1 -1 0 0 0
9 -1 -1 0 3 0
2 0 2 0 1 3
11 -1 -1 2 0 1
12 -1 -1 1 1 1
14 -1 -1 2 0 0
2 2 0 3 0 3
22 -1 -1 3 2 0
0 1 0 1 2 1
