10 -1 -1 3 2 0
2 0 0 1 3 3
1 -1 -1 2 1 0
19 -1 -1 2 0 1
3 2 0 1 2 0
15 -1 -1 2 1 1
14 -1 -1 2 2 0
16 -1 -1 3 3 0
30 -1 -1 3 1 1
1 3 0 0 3 1
3 -1 -1 2 0 2
21 -1 -1 0 3 2
3 3 0 1 2 1
2 1 1 2 0 3
1 0 0 0 2 0
0 2 0 1 1 0
2 -1 -1 3 3 3
12 -1 -1 3 3 2
3 2 1 2 1 2
0 -1 -1 1 2 2
2 3 0 1 1 2
2 2 0 3 2 2
23 -1 -1 1 3 0
3 0 0 3 1 0
13 -1 -1 1 0 2
4 -1 -1 3 3 1
20 -1 -1 1 0 3
23 -1 -1 3 0 1
22 -1 -1 3 2 1
0 2 0 1 3 2
3 0 1 1 1 1
18 -1 -1 0 0 0
25 -1 -1 3 0 2
27 -1 -1 1 1 3
5 -1 -1 2 2 1
28 -1 -1 1 0 0
7 -1 -1 3 2 3
11 -1 -1 1 3 1
1 3 0 2 1 3
24 -1 -1 2 0 0
6 -1 -1 3 1 2
17 -1 -1 1 0 1
1 2 0 3 1 3
1 1 0 1 2 3
29 -1 -1 3 0 0
9 -1 -1 0 3 3
0 0 0 0 3 0
8 -1 -1 3 0 3
26 -1 -1 2 3 0
2 1 0 2 3 1
