2 0 0 1 3 3
8 -1 -1 2 2 1
5 -1 -1 2 0 0
14 -1 -1 0 2 1
4 -1 -1 2 2 2
0 0 1 3 1 1
0 -1 -1 0 3 0
12 -1 -1 0 0 2
7 -1 -1 2 2 3
0 0 1 3 3 1
2 2 0 0 2 2
10 -1 -1 1 1 0
13 -1 -1 3 0 0
0 1 0 3 2 3
5 -1 -1 1 3 1
0 0 1 2 1 1
14 -1 -1 2 1 0
2 2 0 3 2 2
2 2 0 2 3 2
0 0 1 3 0 1
0 0 1 1 1 1
1 -1 -1 1 2 0
11 -1 -1 0 0 0
15 -1 -1 3 2 1
16 -1 -1 0 0 1
17 -1 -1 3 2 0
17 -1 -1 2 3 0
9 -1 -1 3 1 0
2 -1 -1 1 0 0
1 2 0 2 3 3
3 -1 -1 0 0 3
6 -1 -1 3 3 0
15 -1 -1 0 1 0
17 -1 -1 1 3 0
0 0 1 0 1 1
2 1 0 0 2 3
17 -1 -1 0 2 0
0 0 1 1 2 1
2 2 0 1 3 2
0 0 1 2 0 1
0 0 1 0 3 1
1 -1 -1 2 3 1
17 -1 -1 2 2 0
0 0 1 1 0 1
