0 0 0 2 2 2
12 -1 -1 2 3 0
1 2 0 2 3 2
9 -1 -1 0 2 1
17 -1 -1 0 3 1
17 -1 -1 3 1 0
16 -1 -1 1 2 1
5 -1 -1 0 3 3
8 -1 -1 1 2 2
1 -1 -1 3 0 0
11 -1 -1 0 1 0
19 -1 -1 0 0 2
0 0 0 3 0 1
20 -1 -1 1 1 0
7 -1 -1 3 1 3
0 1 0 3 2 3
21 -1 -1 2 2 3
0 0 0 0 2 0
0 0 2 1 1 3
13 -1 -1 1 1 1
1 1 1 3 3 1
10 -1 -1 2 2 0
1 2 0 3 0 2
3 -1 -1 2 0 1
2 -1 -1 0 3 0
1 2 0 1 3 0
24 -1 -1 1 1 2
18 -1 -1 3 2 0
6 -1 -1 0 0 0
0 0 0 2 3 1
2 1 0 1 3 1
1 1 0 0 0 3
0 0 1 2 1 0
1 2 0 3 3 0
1 2 1 0 3 2
0 3 0 0 1 1
4 -1 -1 1 2 0
1 2 0 0 2 2
3 0 1 3 1 1
0 -1 -1 2 2 1
22 -1 -1 1 2 3
2 0 0 3 2 1
15 -1 -1 2 0 0
3 1 1 3 2 2
14 -1 -1 0 0 1
23 -1 -1 3 1 2
