14 -1 -1 1 2 1
2 1 0 3 2 2
26 -1 -1 3 2 0
0 0 2 3 1 0
27 -1 -1 0 0 3
31 -1 -1 2 0 1
23 -1 -1 0 1 2
35 -1 -1 0 2 1
18 -1 -1 2 3 1
2 0 1 2 2 2
8 -1 -1 0 0 0
17 -1 -1 0 2 2
11 -1 -1 0 1 0
7 -1 -1 2 2 3
16 -1 -1 2 0 2
21 -1 -1 1 2 2
32 -1 -1 3 0 1
0 2 0 3 1 2
25 -1 -1 0 1 3
20 -1 -1 2 0 3
0 2 0 1 3 1
0 2 0 3 0 0
5 -1 -1 2 1 1
12 -1 -1 3 2 3
1 -1 -1 1 1 2
10 -1 -1 3 1 3
22 -1 -1 1 0 1
9 -1 -1 2 2 0
0 -1 -1 0 2 3
30 -1 -1 1 3 0
4 -1 -1 1 0 3
28 -1 -1 3 3 0
0 2 0 3 3 1
34 -1 -1 0 0 2
19 -1 -1 3 2 1
2 -1 -1 3 1 1
6 -1 -1 0 2 0
33 -1 -1 1 1 0
2 0 2 1 1 1
24 -1 -1 1 0 0
29 -1 -1 0 0 1
15 -1 -1 1 1 3
2 0 0 1 0 2
0 2 0 2 1 0
30 -1 -1 1 2 0
35 -1 -1 2 0 0
0 2 0 2 3 0
3 -1 -1 0 3 1
0 2 0 0 3 0
0 0 0 1 2 3
2 0 1 0 1 1
13 -1 -1 2 2 1
