14 -1 -1 3 3 0
10 -1 -1 1 1 1
2 0 1 1 1 0
1 -1 -1 0 1 1
15 -1 -1 2 3 1
2 0 0 0 0 1
9 -1 -1 2 2 1
0 2 0 0 0 0
2 2 0 2 0 1
16 -1 -1 1 0 0
2 0 1 0 1 0
4 -1 -1 1 3 0
6 -1 -1 2 0 3
1 3 0 2 0 0
9 -1 -1 2 3 2
18 -1 -1 1 0 1
3 3 0 3 0 2
1 0 0 1 2 1
11 -1 -1 2 1 1
2 -1 -1 0 3 0
2 3 0 3 1 1
2 1 0 1 2 3
2 0 0 3 1 0
12 -1 -1 2 0 2
19 -1 -1 0 2 0
3 0 1 2 2 0
17 -1 -1 1 2 2
0 -1 -1 3 0 3
0 3 0 2 3 3
0 2 0 1 2 0
2 -1 -1 1 3 1
5 -1 -1 3 0 1
13 -1 -1 2 3 0
19 -1 -1 2 1 0
3 -1 -1 0 3 1
8 -1 -1 3 0 0
7 -1 -1 3 3 1
