# Total Configuration Bits: 371
# Final architecture: 2383 unique wires
# (Based on 'wire_stats5.txt' w/ threshold 0, padded to next power-of-2)
0 -1 -1 0 0 0
0 -1 -1 0 0 1
0 -1 -1 0 0 2
0 -1 -1 0 0 3
0 -1 -1 0 1 0
0 -1 -1 0 1 1
0 -1 -1 0 1 2
0 -1 -1 0 1 3
0 -1 -1 0 2 0
0 -1 -1 0 2 1
0 -1 -1 0 2 2
0 -1 -1 0 2 3
0 -1 -1 0 3 0
0 -1 -1 0 3 3
0 -1 -1 1 0 0
0 -1 -1 1 0 1
0 -1 -1 1 0 2
0 -1 -1 1 1 0
0 -1 -1 1 1 1
0 -1 -1 1 1 2
0 -1 -1 1 1 3
0 -1 -1 1 2 1
0 -1 -1 1 2 2
0 -1 -1 1 2 3
0 -1 -1 1 3 1
0 -1 -1 1 3 3
0 -1 -1 2 0 0
0 -1 -1 2 0 1
0 -1 -1 2 1 1
0 -1 -1 2 1 2
0 -1 -1 2 1 3
0 -1 -1 2 2 0
0 -1 -1 2 2 1
0 -1 -1 2 2 2
0 -1 -1 2 3 0
0 -1 -1 2 3 1
0 -1 -1 2 3 2
0 -1 -1 3 0 0
0 -1 -1 3 0 1
0 -1 -1 3 0 2
0 -1 -1 3 0 3
0 -1 -1 3 1 0
0 -1 -1 3 1 1
0 -1 -1 3 1 2
0 -1 -1 3 1 3
0 -1 -1 3 2 0
0 -1 -1 3 2 1
0 -1 -1 3 2 3
0 -1 -1 3 3 1
0 0 0 0 1 0
0 0 0 0 1 1
0 0 0 0 1 2
0 0 0 0 1 3
0 0 0 0 2 0
0 0 0 0 2 2
0 0 0 0 3 0
0 0 0 0 3 1
0 0 0 1 0 3
0 0 0 1 1 0
0 0 0 1 1 1
0 0 0 1 1 2
0 0 0 1 1 3
0 0 0 1 2 3
0 0 0 1 3 0
0 0 0 1 3 1
0 0 0 2 0 0
0 0 0 2 0 1
0 0 0 2 0 3
0 0 0 2 1 0
0 0 0 2 1 1
0 0 0 2 1 2
0 0 0 2 1 3
0 0 0 2 2 1
0 0 0 2 3 0
0 0 0 2 3 1
0 0 0 2 3 3
0 0 0 3 1 0
0 0 0 3 1 1
0 0 0 3 1 2
0 0 0 3 1 3
0 0 0 3 2 0
0 0 0 3 3 0
0 0 0 3 3 2
0 0 1 0 1 0
0 0 1 0 1 1
0 0 1 0 1 2
0 0 1 0 1 3
0 0 1 0 2 0
0 0 1 0 2 3
0 0 1 1 0 0
0 0 1 1 1 0
0 0 1 1 1 1
0 0 1 1 1 3
0 0 1 1 2 2
0 0 1 1 3 1
0 0 1 1 3 2
0 0 1 2 0 1
0 0 1 2 0 2
0 0 1 2 1 0
0 0 1 2 1 1
0 0 1 2 1 2
0 0 1 2 1 3
0 0 1 2 2 0
0 0 1 2 2 2
0 0 1 2 3 0
0 0 1 2 3 1
0 0 1 3 0 1
0 0 1 3 0 3
0 0 1 3 1 0
0 0 1 3 1 1
0 0 1 3 1 2
0 0 1 3 1 3
0 0 1 3 2 0
0 0 1 3 2 2
0 0 2 0 1 0
0 0 2 0 1 1
0 0 2 0 1 2
0 0 2 0 1 3
0 0 2 0 2 1
0 0 2 0 2 3
0 0 2 0 3 3
0 0 2 1 1 0
0 0 2 1 1 1
0 0 2 1 1 2
0 0 2 1 1 3
0 0 2 1 3 1
0 0 2 2 1 0
0 0 2 2 1 1
0 0 2 2 1 2
0 0 2 2 1 3
0 0 2 2 2 1
0 0 2 2 2 2
0 0 2 2 3 1
0 0 2 3 1 0
0 0 2 3 1 1
0 0 2 3 1 2
0 0 2 3 1 3
0 0 2 3 2 0
0 0 2 3 3 0
0 0 2 3 3 2
0 1 0 0 0 3
0 1 0 0 2 0
0 1 0 0 2 1
0 1 0 0 2 2
0 1 0 0 2 3
0 1 0 0 3 0
0 1 0 0 3 1
0 1 0 1 0 1
0 1 0 1 1 1
0 1 0 1 2 0
0 1 0 1 2 1
0 1 0 1 2 2
0 1 0 1 2 3
0 1 0 1 3 1
0 1 0 2 0 3
0 1 0 2 1 2
0 1 0 2 1 3
0 1 0 2 2 0
0 1 0 2 2 1
0 1 0 2 2 2
0 1 0 2 2 3
0 1 0 2 3 1
0 1 0 3 0 0
0 1 0 3 0 1
0 1 0 3 1 0
0 1 0 3 2 0
0 1 0 3 2 1
0 1 0 3 2 2
0 1 0 3 2 3
0 1 0 3 3 2
0 1 1 0 0 0
0 1 1 0 2 0
0 1 1 0 2 1
0 1 1 0 2 2
0 1 1 0 2 3
0 1 1 0 3 1
0 1 1 1 0 0
0 1 1 1 0 1
0 1 1 1 1 0
0 1 1 1 1 2
0 1 1 1 2 0
0 1 1 1 2 1
0 1 1 1 2 2
0 1 1 1 2 3
0 1 1 1 3 1
0 1 1 1 3 2
0 1 1 2 0 0
0 1 1 2 0 1
0 1 1 2 0 2
0 1 1 2 0 3
0 1 1 2 2 0
0 1 1 2 2 1
0 1 1 2 2 2
0 1 1 2 2 3
0 1 1 2 3 0
0 1 1 2 3 1
0 1 1 3 0 1
0 1 1 3 0 2
0 1 1 3 1 0
0 1 1 3 1 1
0 1 1 3 2 0
0 1 1 3 2 1
0 1 1 3 2 2
0 1 1 3 2 3
0 1 1 3 3 0
0 1 1 3 3 1
0 1 2 0 0 2
0 1 2 0 2 0
0 1 2 0 2 1
0 1 2 0 2 2
0 1 2 0 2 3
0 1 2 0 3 1
0 1 2 1 0 0
0 1 2 1 1 2
0 1 2 1 2 0
0 1 2 1 2 1
0 1 2 1 2 2
0 1 2 1 3 0
0 1 2 2 0 0
0 1 2 2 0 1
0 1 2 2 1 1
0 1 2 2 2 0
0 1 2 2 2 1
0 1 2 2 2 2
0 1 2 2 2 3
0 1 2 2 3 2
0 1 2 3 0 2
0 1 2 3 2 0
0 1 2 3 2 1
0 2 0 0 0 2
0 2 0 0 1 0
0 2 0 0 1 1
0 2 0 0 1 2
0 2 0 0 1 3
0 2 0 0 3 0
0 2 0 0 3 1
0 2 0 0 3 2
0 2 0 0 3 3
0 2 0 1 0 2
0 2 0 1 1 0
0 2 0 1 1 1
0 2 0 1 1 2
0 2 0 1 1 3
0 2 0 1 2 0
0 2 0 1 2 1
0 2 0 1 2 2
0 2 0 1 3 0
0 2 0 1 3 1
0 2 0 1 3 2
0 2 0 1 3 3
0 2 0 2 0 2
0 2 0 2 0 3
0 2 0 2 1 3
0 2 0 2 2 2
0 2 0 2 2 3
0 2 0 2 3 0
0 2 0 2 3 1
0 2 0 2 3 2
0 2 0 2 3 3
0 2 0 3 0 2
0 2 0 3 1 0
0 2 0 3 1 2
0 2 0 3 2 2
0 2 0 3 3 0
0 2 0 3 3 1
0 2 0 3 3 2
0 2 0 3 3 3
0 2 1 0 0 0
0 2 1 0 0 3
0 2 1 0 1 3
0 2 1 0 3 0
0 2 1 0 3 1
0 2 1 0 3 2
0 2 1 0 3 3
0 2 1 1 1 1
0 2 1 1 1 3
0 2 1 1 2 0
0 2 1 1 2 1
0 2 1 1 2 2
0 2 1 1 3 0
0 2 1 1 3 1
0 2 1 1 3 2
0 2 1 1 3 3
0 2 1 2 1 2
0 2 1 2 2 0
0 2 1 2 2 1
0 2 1 2 2 3
0 2 1 2 3 1
0 2 1 2 3 2
0 2 1 2 3 3
0 2 1 3 0 2
0 2 1 3 3 0
0 2 1 3 3 1
0 2 1 3 3 2
0 2 1 3 3 3
0 2 2 0 1 1
0 2 2 0 3 0
0 2 2 0 3 1
0 2 2 0 3 2
0 2 2 1 1 0
0 2 2 1 1 3
0 2 2 1 2 2
0 2 2 1 3 0
0 2 2 1 3 1
0 2 2 1 3 2
0 2 2 2 0 2
0 2 2 2 2 3
0 2 2 2 3 0
0 2 2 2 3 1
0 2 2 2 3 2
0 2 2 2 3 3
0 2 2 3 0 1
0 2 2 3 0 2
0 2 2 3 3 1
0 2 2 3 3 3
0 3 0 0 0 0
0 3 0 0 0 1
0 3 0 0 0 3
0 3 0 0 1 0
0 3 0 0 1 3
0 3 0 1 1 1
0 3 0 1 2 0
0 3 0 1 2 2
0 3 0 1 3 0
0 3 0 1 3 1
0 3 0 2 0 1
0 3 0 2 1 0
0 3 0 2 2 2
0 3 0 2 3 0
0 3 0 3 0 1
0 3 0 3 0 2
0 3 0 3 0 3
0 3 0 3 1 0
0 3 0 3 2 0
0 3 0 3 2 1
0 3 0 3 2 3
0 3 0 3 3 0
0 3 0 3 3 1
0 3 0 3 3 3
0 3 1 0 0 3
0 3 1 0 1 3
0 3 1 0 2 1
0 3 1 1 1 2
0 3 1 1 3 2
0 3 1 2 0 1
0 3 1 3 0 3
0 3 1 3 1 3
0 3 1 3 3 0
0 3 2 1 0 1
0 3 2 1 2 1
0 3 2 3 3 1
1 -1 -1 0 0 0
1 -1 -1 0 0 1
1 -1 -1 0 0 2
1 -1 -1 0 0 3
1 -1 -1 0 1 0
1 -1 -1 0 1 2
1 -1 -1 0 1 3
1 -1 -1 0 2 1
1 -1 -1 0 2 3
1 -1 -1 0 3 0
1 -1 -1 0 3 1
1 -1 -1 0 3 3
1 -1 -1 1 0 0
1 -1 -1 1 0 2
1 -1 -1 1 0 3
1 -1 -1 1 1 1
1 -1 -1 1 1 2
1 -1 -1 1 1 3
1 -1 -1 1 2 0
1 -1 -1 1 2 1
1 -1 -1 1 2 2
1 -1 -1 1 2 3
1 -1 -1 1 3 0
1 -1 -1 1 3 1
1 -1 -1 1 3 2
1 -1 -1 1 3 3
1 -1 -1 2 0 0
1 -1 -1 2 0 1
1 -1 -1 2 0 3
1 -1 -1 2 1 0
1 -1 -1 2 1 1
1 -1 -1 2 1 2
1 -1 -1 2 1 3
1 -1 -1 2 2 0
1 -1 -1 2 2 1
1 -1 -1 2 2 2
1 -1 -1 2 2 3
1 -1 -1 3 0 0
1 -1 -1 3 0 1
1 -1 -1 3 0 2
1 -1 -1 3 0 3
1 -1 -1 3 1 0
1 -1 -1 3 1 2
1 -1 -1 3 1 3
1 -1 -1 3 2 0
1 -1 -1 3 2 1
1 -1 -1 3 2 2
1 -1 -1 3 2 3
1 -1 -1 3 3 0
1 -1 -1 3 3 2
1 -1 -1 3 3 3
1 0 0 0 0 3
1 0 0 0 1 0
1 0 0 0 1 1
1 0 0 0 1 2
1 0 0 0 1 3
1 0 0 0 2 0
1 0 0 0 2 1
1 0 0 0 2 3
1 0 0 1 1 0
1 0 0 1 1 1
1 0 0 1 1 2
1 0 0 1 1 3
1 0 0 1 2 1
1 0 0 1 2 2
1 0 0 1 3 0
1 0 0 1 3 3
1 0 0 2 0 0
1 0 0 2 0 1
1 0 0 2 1 0
1 0 0 2 1 1
1 0 0 2 1 2
1 0 0 2 1 3
1 0 0 2 2 1
1 0 0 2 2 2
1 0 0 2 2 3
1 0 0 2 3 1
1 0 0 3 0 3
1 0 0 3 1 0
1 0 0 3 1 1
1 0 0 3 1 2
1 0 0 3 1 3
1 0 0 3 2 2
1 0 0 3 3 0
1 0 0 3 3 2
1 0 0 3 3 3
1 0 1 0 0 3
1 0 1 0 1 0
1 0 1 0 1 1
1 0 1 0 1 2
1 0 1 0 1 3
1 0 1 0 3 1
1 0 1 0 3 2
1 0 1 0 3 3
1 0 1 1 1 0
1 0 1 1 1 1
1 0 1 1 1 2
1 0 1 1 1 3
1 0 1 1 2 0
1 0 1 1 3 1
1 0 1 2 0 0
1 0 1 2 1 0
1 0 1 2 1 1
1 0 1 2 1 2
1 0 1 2 1 3
1 0 1 2 2 1
1 0 1 3 0 0
1 0 1 3 1 0
1 0 1 3 1 1
1 0 1 3 1 2
1 0 1 3 3 1
1 0 1 3 3 3
1 0 2 0 1 0
1 0 2 0 1 1
1 0 2 0 1 2
1 0 2 0 1 3
1 0 2 1 1 0
1 0 2 1 1 1
1 0 2 1 1 2
1 0 2 1 2 1
1 0 2 1 2 3
1 0 2 1 3 0
1 0 2 2 1 1
1 0 2 2 2 3
1 0 2 3 0 3
1 0 2 3 1 0
1 0 2 3 1 1
1 0 2 3 1 3
1 0 2 3 2 0
1 0 2 3 2 1
1 0 2 3 2 2
1 1 0 0 0 0
1 1 0 0 0 1
1 1 0 0 1 1
1 1 0 0 2 0
1 1 0 0 2 1
1 1 0 0 2 2
1 1 0 0 2 3
1 1 0 0 3 1
1 1 0 0 3 3
1 1 0 1 0 1
1 1 0 1 0 2
1 1 0 1 0 3
1 1 0 1 2 0
1 1 0 1 2 1
1 1 0 1 2 2
1 1 0 1 2 3
1 1 0 1 3 0
1 1 0 1 3 1
1 1 0 1 3 2
1 1 0 1 3 3
1 1 0 2 0 0
1 1 0 2 1 0
1 1 0 2 2 0
1 1 0 2 2 1
1 1 0 2 2 2
1 1 0 2 2 3
1 1 0 3 0 1
1 1 0 3 1 0
1 1 0 3 1 2
1 1 0 3 1 3
1 1 0 3 2 0
1 1 0 3 2 1
1 1 0 3 2 2
1 1 0 3 2 3
1 1 0 3 3 3
1 1 1 0 1 1
1 1 1 0 1 2
1 1 1 0 2 1
1 1 1 0 2 2
1 1 1 0 2 3
1 1 1 0 3 0
1 1 1 1 0 0
1 1 1 1 0 3
1 1 1 1 2 0
1 1 1 1 2 1
1 1 1 1 2 2
1 1 1 1 2 3
1 1 1 1 3 1
1 1 1 2 1 0
1 1 1 2 2 0
1 1 1 2 2 1
1 1 1 2 2 2
1 1 1 2 2 3
1 1 1 3 0 0
1 1 1 3 1 1
1 1 1 3 1 2
1 1 1 3 2 0
1 1 1 3 2 1
1 1 1 3 2 2
1 1 1 3 2 3
1 1 1 3 3 1
1 1 2 0 0 3
1 1 2 0 1 0
1 1 2 0 2 0
1 1 2 1 2 0
1 1 2 1 2 1
1 1 2 1 2 2
1 1 2 1 2 3
1 1 2 1 3 1
1 1 2 2 1 2
1 1 2 2 2 1
1 1 2 2 2 2
1 1 2 2 2 3
1 1 2 2 3 1
1 1 2 3 0 1
1 1 2 3 2 0
1 1 2 3 2 1
1 1 2 3 2 3
1 1 2 3 3 0
1 2 0 0 0 3
1 2 0 0 2 1
1 2 0 0 2 2
1 2 0 0 2 3
1 2 0 0 3 0
1 2 0 0 3 1
1 2 0 0 3 2
1 2 0 0 3 3
1 2 0 1 0 1
1 2 0 1 1 0
1 2 0 1 3 0
1 2 0 1 3 1
1 2 0 1 3 2
1 2 0 1 3 3
1 2 0 2 0 0
1 2 0 2 0 1
1 2 0 2 1 0
1 2 0 2 1 1
1 2 0 2 1 2
1 2 0 2 2 0
1 2 0 2 2 2
1 2 0 2 3 0
1 2 0 2 3 1
1 2 0 2 3 2
1 2 0 2 3 3
1 2 0 3 0 1
1 2 0 3 2 0
1 2 0 3 2 1
1 2 0 3 3 0
1 2 0 3 3 1
1 2 0 3 3 2
1 2 0 3 3 3
1 2 1 0 1 0
1 2 1 0 1 3
1 2 1 0 2 0
1 2 1 0 2 2
1 2 1 0 3 0
1 2 1 0 3 1
1 2 1 0 3 2
1 2 1 0 3 3
1 2 1 1 1 0
1 2 1 1 1 1
1 2 1 1 3 0
1 2 1 1 3 1
1 2 1 1 3 2
1 2 1 1 3 3
1 2 1 2 0 0
1 2 1 2 0 2
1 2 1 2 2 3
1 2 1 2 3 0
1 2 1 2 3 1
1 2 1 2 3 2
1 2 1 3 0 3
1 2 1 3 2 1
1 2 1 3 3 0
1 2 1 3 3 1
1 2 1 3 3 2
1 2 1 3 3 3
1 2 2 0 0 3
1 2 2 0 3 0
1 2 2 0 3 1
1 2 2 0 3 2
1 2 2 0 3 3
1 2 2 1 0 0
1 2 2 1 0 1
1 2 2 1 3 0
1 2 2 1 3 1
1 2 2 2 0 3
1 2 2 2 3 0
1 2 2 2 3 1
1 2 2 3 0 2
1 2 2 3 3 0
1 2 2 3 3 3
1 3 0 0 0 0
1 3 0 0 1 0
1 3 0 0 2 1
1 3 0 0 2 2
1 3 0 0 2 3
1 3 0 0 3 1
1 3 0 0 3 2
1 3 0 0 3 3
1 3 0 1 0 2
1 3 0 1 0 3
1 3 0 1 1 0
1 3 0 1 2 0
1 3 0 1 2 1
1 3 0 2 0 3
1 3 0 2 1 1
1 3 0 2 1 3
1 3 0 2 3 0
1 3 0 2 3 1
1 3 0 3 0 0
1 3 0 3 0 1
1 3 0 3 0 2
1 3 0 3 1 2
1 3 0 3 1 3
1 3 0 3 3 0
1 3 1 0 0 1
1 3 1 0 1 0
1 3 1 0 3 2
1 3 1 0 3 3
1 3 1 1 2 1
1 3 1 2 1 3
1 3 1 2 3 0
1 3 1 3 0 1
1 3 1 3 2 0
1 3 1 3 3 2
1 3 2 1 1 3
1 3 2 2 2 1
2 -1 -1 0 0 0
2 -1 -1 0 0 1
2 -1 -1 0 0 2
2 -1 -1 0 0 3
2 -1 -1 0 1 0
2 -1 -1 0 1 1
2 -1 -1 0 1 2
2 -1 -1 0 1 3
2 -1 -1 0 2 0
2 -1 -1 0 2 1
2 -1 -1 0 2 2
2 -1 -1 0 3 0
2 -1 -1 0 3 1
2 -1 -1 0 3 2
2 -1 -1 1 0 0
2 -1 -1 1 0 2
2 -1 -1 1 0 3
2 -1 -1 1 1 1
2 -1 -1 1 1 2
2 -1 -1 1 1 3
2 -1 -1 1 2 0
2 -1 -1 1 2 1
2 -1 -1 1 2 3
2 -1 -1 1 3 0
2 -1 -1 1 3 2
2 -1 -1 1 3 3
2 -1 -1 2 0 0
2 -1 -1 2 0 1
2 -1 -1 2 0 2
2 -1 -1 2 0 3
2 -1 -1 2 1 0
2 -1 -1 2 1 1
2 -1 -1 2 1 2
2 -1 -1 2 1 3
2 -1 -1 2 2 0
2 -1 -1 2 2 1
2 -1 -1 2 2 2
2 -1 -1 2 2 3
2 -1 -1 2 3 0
2 -1 -1 2 3 2
2 -1 -1 2 3 3
2 -1 -1 3 0 0
2 -1 -1 3 0 1
2 -1 -1 3 0 3
2 -1 -1 3 1 0
2 -1 -1 3 1 3
2 -1 -1 3 2 0
2 -1 -1 3 2 1
2 -1 -1 3 2 2
2 -1 -1 3 3 0
2 -1 -1 3 3 1
2 -1 -1 3 3 3
2 0 0 0 0 0
2 0 0 0 1 0
2 0 0 0 1 1
2 0 0 0 1 2
2 0 0 0 1 3
2 0 0 0 2 1
2 0 0 0 2 2
2 0 0 0 3 0
2 0 0 0 3 3
2 0 0 1 0 0
2 0 0 1 0 3
2 0 0 1 1 0
2 0 0 1 1 1
2 0 0 1 1 2
2 0 0 1 1 3
2 0 0 1 2 0
2 0 0 1 2 1
2 0 0 1 3 0
2 0 0 2 1 0
2 0 0 2 1 1
2 0 0 2 1 2
2 0 0 2 1 3
2 0 0 2 2 0
2 0 0 2 2 2
2 0 0 2 2 3
2 0 0 2 3 0
2 0 0 3 0 0
2 0 0 3 0 3
2 0 0 3 1 0
2 0 0 3 1 1
2 0 0 3 1 2
2 0 0 3 1 3
2 0 0 3 2 1
2 0 0 3 2 3
2 0 0 3 3 2
2 0 1 0 1 0
2 0 1 0 1 1
2 0 1 0 1 2
2 0 1 0 1 3
2 0 1 0 3 0
2 0 1 1 0 0
2 0 1 1 0 3
2 0 1 1 1 0
2 0 1 1 1 1
2 0 1 1 1 2
2 0 1 1 1 3
2 0 1 1 2 0
2 0 1 1 3 1
2 0 1 1 3 2
2 0 1 2 1 0
2 0 1 2 1 1
2 0 1 2 1 2
2 0 1 2 1 3
2 0 1 2 2 0
2 0 1 2 2 2
2 0 1 3 0 0
2 0 1 3 1 1
2 0 1 3 1 2
2 0 1 3 1 3
2 0 1 3 3 0
2 0 2 0 1 1
2 0 2 0 1 3
2 0 2 0 3 0
2 0 2 1 0 3
2 0 2 1 1 0
2 0 2 1 1 1
2 0 2 1 1 3
2 0 2 1 2 1
2 0 2 2 1 0
2 0 2 2 1 1
2 0 2 2 1 3
2 0 2 2 3 1
2 0 2 3 1 0
2 0 2 3 1 1
2 0 2 3 1 2
2 1 0 0 0 0
2 1 0 0 0 1
2 1 0 0 1 0
2 1 0 0 1 1
2 1 0 0 1 2
2 1 0 0 2 0
2 1 0 0 2 1
2 1 0 0 2 2
2 1 0 0 2 3
2 1 0 0 3 1
2 1 0 1 0 1
2 1 0 1 1 1
2 1 0 1 1 3
2 1 0 1 2 0
2 1 0 1 2 1
2 1 0 1 2 2
2 1 0 1 2 3
2 1 0 1 3 0
2 1 0 1 3 1
2 1 0 2 0 1
2 1 0 2 0 2
2 1 0 2 2 0
2 1 0 2 2 1
2 1 0 2 2 2
2 1 0 2 2 3
2 1 0 2 3 1
2 1 0 2 3 2
2 1 0 2 3 3
2 1 0 3 0 1
2 1 0 3 0 2
2 1 0 3 0 3
2 1 0 3 1 1
2 1 0 3 2 0
2 1 0 3 2 1
2 1 0 3 2 2
2 1 0 3 2 3
2 1 0 3 3 0
2 1 0 3 3 1
2 1 1 0 0 3
2 1 1 0 1 2
2 1 1 0 2 0
2 1 1 0 2 1
2 1 1 0 2 2
2 1 1 0 2 3
2 1 1 0 3 0
2 1 1 1 0 2
2 1 1 1 1 3
2 1 1 1 2 0
2 1 1 1 2 1
2 1 1 1 2 2
2 1 1 1 2 3
2 1 1 2 0 0
2 1 1 2 2 0
2 1 1 2 2 1
2 1 1 2 2 2
2 1 1 2 2 3
2 1 1 3 0 3
2 1 1 3 1 2
2 1 1 3 2 0
2 1 1 3 2 1
2 1 1 3 2 2
2 1 1 3 2 3
2 1 1 3 3 1
2 1 1 3 3 2
2 1 2 0 0 1
2 1 2 0 2 0
2 1 2 0 2 1
2 1 2 0 2 2
2 1 2 0 3 0
2 1 2 0 3 3
2 1 2 1 0 0
2 1 2 1 1 2
2 1 2 1 2 1
2 1 2 1 2 3
2 1 2 2 2 0
2 1 2 2 2 1
2 1 2 2 2 2
2 1 2 3 2 0
2 1 2 3 2 1
2 1 2 3 2 3
2 2 0 0 0 0
2 2 0 0 0 1
2 2 0 0 0 3
2 2 0 0 1 1
2 2 0 0 1 3
2 2 0 0 2 0
2 2 0 0 2 2
2 2 0 0 2 3
2 2 0 0 3 0
2 2 0 0 3 1
2 2 0 0 3 2
2 2 0 0 3 3
2 2 0 1 0 0
2 2 0 1 0 2
2 2 0 1 1 1
2 2 0 1 1 2
2 2 0 1 1 3
2 2 0 1 2 0
2 2 0 1 2 3
2 2 0 1 3 0
2 2 0 1 3 1
2 2 0 1 3 2
2 2 0 1 3 3
2 2 0 2 0 0
2 2 0 2 0 3
2 2 0 2 1 3
2 2 0 2 3 0
2 2 0 2 3 1
2 2 0 2 3 2
2 2 0 2 3 3
2 2 0 3 0 0
2 2 0 3 0 1
2 2 0 3 0 3
2 2 0 3 1 2
2 2 0 3 1 3
2 2 0 3 2 3
2 2 0 3 3 0
2 2 0 3 3 1
2 2 0 3 3 2
2 2 0 3 3 3
2 2 1 0 0 2
2 2 1 0 1 1
2 2 1 0 2 1
2 2 1 0 2 3
2 2 1 0 3 0
2 2 1 0 3 1
2 2 1 0 3 2
2 2 1 0 3 3
2 2 1 1 0 3
2 2 1 1 1 2
2 2 1 1 2 0
2 2 1 1 2 1
2 2 1 1 2 3
2 2 1 1 3 0
2 2 1 1 3 1
2 2 1 1 3 2
2 2 1 1 3 3
2 2 1 2 0 0
2 2 1 2 0 1
2 2 1 2 0 3
2 2 1 2 1 2
2 2 1 2 3 0
2 2 1 2 3 1
2 2 1 2 3 2
2 2 1 2 3 3
2 2 1 3 0 1
2 2 1 3 0 2
2 2 1 3 1 3
2 2 1 3 2 3
2 2 1 3 3 0
2 2 1 3 3 1
2 2 1 3 3 2
2 2 1 3 3 3
2 2 2 0 0 3
2 2 2 0 2 2
2 2 2 0 3 0
2 2 2 0 3 1
2 2 2 0 3 2
2 2 2 0 3 3
2 2 2 1 2 2
2 2 2 1 2 3
2 2 2 1 3 0
2 2 2 1 3 1
2 2 2 1 3 2
2 2 2 1 3 3
2 2 2 2 3 0
2 2 2 2 3 2
2 2 2 3 1 1
2 2 2 3 1 3
2 2 2 3 2 1
2 2 2 3 3 0
2 2 2 3 3 1
2 2 2 3 3 2
2 2 2 3 3 3
2 3 0 0 0 0
2 3 0 0 0 2
2 3 0 0 0 3
2 3 0 0 2 0
2 3 0 0 2 1
2 3 0 0 2 2
2 3 0 0 3 0
2 3 0 0 3 2
2 3 0 1 0 0
2 3 0 1 0 1
2 3 0 1 0 2
2 3 0 1 1 0
2 3 0 1 1 3
2 3 0 1 3 0
2 3 0 1 3 1
2 3 0 1 3 2
2 3 0 2 0 1
2 3 0 2 0 3
2 3 0 2 1 2
2 3 0 3 0 1
2 3 0 3 1 1
2 3 0 3 3 0
2 3 0 3 3 3
2 3 1 0 0 3
2 3 1 0 1 0
2 3 1 0 1 3
2 3 1 0 2 0
2 3 1 1 0 3
2 3 1 1 2 1
2 3 1 1 3 0
2 3 1 2 1 0
2 3 1 2 1 1
2 3 1 2 2 1
2 3 1 3 3 2
2 3 2 1 2 1
2 3 2 1 2 2
2 3 2 2 0 3
3 -1 -1 0 0 0
3 -1 -1 0 0 1
3 -1 -1 0 0 2
3 -1 -1 0 0 3
3 -1 -1 0 1 0
3 -1 -1 0 1 2
3 -1 -1 0 1 3
3 -1 -1 0 2 0
3 -1 -1 0 2 1
3 -1 -1 0 2 2
3 -1 -1 0 2 3
3 -1 -1 0 3 0
3 -1 -1 0 3 2
3 -1 -1 0 3 3
3 -1 -1 1 0 1
3 -1 -1 1 0 2
3 -1 -1 1 0 3
3 -1 -1 1 1 0
3 -1 -1 1 1 1
3 -1 -1 1 1 2
3 -1 -1 1 2 0
3 -1 -1 1 2 2
3 -1 -1 1 2 3
3 -1 -1 1 3 2
3 -1 -1 1 3 3
3 -1 -1 2 0 2
3 -1 -1 2 0 3
3 -1 -1 2 1 0
3 -1 -1 2 1 1
3 -1 -1 2 1 2
3 -1 -1 2 2 0
3 -1 -1 2 2 1
3 -1 -1 2 2 2
3 -1 -1 2 2 3
3 -1 -1 2 3 0
3 -1 -1 2 3 2
3 -1 -1 2 3 3
3 -1 -1 3 0 0
3 -1 -1 3 0 1
3 -1 -1 3 0 2
3 -1 -1 3 0 3
3 -1 -1 3 1 0
3 -1 -1 3 1 1
3 -1 -1 3 1 2
3 -1 -1 3 1 3
3 -1 -1 3 2 0
3 -1 -1 3 2 1
3 -1 -1 3 2 3
3 -1 -1 3 3 0
3 -1 -1 3 3 1
3 -1 -1 3 3 2
3 -1 -1 3 3 3
3 0 0 0 0 2
3 0 0 0 0 3
3 0 0 0 1 0
3 0 0 0 1 1
3 0 0 0 1 2
3 0 0 0 1 3
3 0 0 0 2 1
3 0 0 0 2 3
3 0 0 0 3 0
3 0 0 1 0 0
3 0 0 1 0 3
3 0 0 1 1 0
3 0 0 1 1 1
3 0 0 1 1 2
3 0 0 1 1 3
3 0 0 2 0 0
3 0 0 2 0 3
3 0 0 2 1 0
3 0 0 2 1 1
3 0 0 2 1 2
3 0 0 2 1 3
3 0 0 2 2 0
3 0 0 2 2 1
3 0 0 2 2 2
3 0 0 2 3 0
3 0 0 2 3 1
3 0 0 2 3 2
3 0 0 3 1 0
3 0 0 3 1 1
3 0 0 3 1 2
3 0 0 3 1 3
3 0 0 3 2 0
3 0 0 3 2 2
3 0 0 3 2 3
3 0 0 3 3 1
3 0 1 0 0 1
3 0 1 0 0 2
3 0 1 0 0 3
3 0 1 0 1 0
3 0 1 0 1 1
3 0 1 0 1 2
3 0 1 0 1 3
3 0 1 0 2 2
3 0 1 0 3 0
3 0 1 1 0 0
3 0 1 1 1 0
3 0 1 1 1 1
3 0 1 1 1 2
3 0 1 1 1 3
3 0 1 1 2 0
3 0 1 2 0 2
3 0 1 2 1 0
3 0 1 2 1 1
3 0 1 2 1 2
3 0 1 2 1 3
3 0 1 2 2 1
3 0 1 2 2 2
3 0 1 2 3 0
3 0 1 3 1 0
3 0 1 3 1 1
3 0 1 3 1 2
3 0 1 3 1 3
3 0 1 3 2 0
3 0 1 3 3 2
3 0 2 0 0 1
3 0 2 0 0 2
3 0 2 0 1 0
3 0 2 0 1 1
3 0 2 0 1 2
3 0 2 1 1 0
3 0 2 1 1 1
3 0 2 1 1 2
3 0 2 1 1 3
3 0 2 1 3 3
3 0 2 2 0 1
3 0 2 2 0 2
3 0 2 2 1 1
3 0 2 2 1 3
3 0 2 2 3 1
3 0 2 3 1 0
3 0 2 3 1 1
3 0 2 3 1 2
3 0 2 3 1 3
3 1 0 0 1 0
3 1 0 0 1 1
3 1 0 0 1 3
3 1 0 0 2 0
3 1 0 0 2 1
3 1 0 0 2 2
3 1 0 0 2 3
3 1 0 1 0 2
3 1 0 1 0 3
3 1 0 1 1 0
3 1 0 1 1 3
3 1 0 1 2 0
3 1 0 1 2 1
3 1 0 1 2 2
3 1 0 1 2 3
3 1 0 1 3 0
3 1 0 1 3 1
3 1 0 1 3 3
3 1 0 2 0 2
3 1 0 2 1 0
3 1 0 2 1 1
3 1 0 2 1 2
3 1 0 2 2 0
3 1 0 2 2 1
3 1 0 2 2 2
3 1 0 2 2 3
3 1 0 2 3 0
3 1 0 2 3 1
3 1 0 3 0 1
3 1 0 3 0 3
3 1 0 3 2 0
3 1 0 3 2 1
3 1 0 3 2 2
3 1 0 3 2 3
3 1 0 3 3 1
3 1 1 0 1 0
3 1 1 0 1 1
3 1 1 0 1 3
3 1 1 0 2 0
3 1 1 0 2 1
3 1 1 0 2 2
3 1 1 0 2 3
3 1 1 1 0 1
3 1 1 1 2 0
3 1 1 1 2 1
3 1 1 1 2 2
3 1 1 1 2 3
3 1 1 1 3 0
3 1 1 1 3 1
3 1 1 2 1 1
3 1 1 2 1 2
3 1 1 2 2 0
3 1 1 2 2 1
3 1 1 2 2 2
3 1 1 2 2 3
3 1 1 2 3 2
3 1 1 2 3 3
3 1 1 3 0 0
3 1 1 3 2 0
3 1 1 3 2 1
3 1 1 3 2 2
3 1 1 3 2 3
3 1 1 3 3 0
3 1 1 3 3 1
3 1 1 3 3 3
3 1 2 0 0 1
3 1 2 0 2 0
3 1 2 0 2 1
3 1 2 0 2 2
3 1 2 0 2 3
3 1 2 0 3 3
3 1 2 1 2 1
3 1 2 1 2 2
3 1 2 1 3 3
3 1 2 2 1 3
3 1 2 2 2 0
3 1 2 2 2 1
3 1 2 2 2 2
3 1 2 2 3 1
3 1 2 3 2 1
3 1 2 3 2 2
3 1 2 3 2 3
3 1 2 3 3 2
3 2 0 0 0 0
3 2 0 0 0 1
3 2 0 0 0 2
3 2 0 0 1 2
3 2 0 0 1 3
3 2 0 0 2 0
3 2 0 0 2 1
3 2 0 0 2 2
3 2 0 0 3 0
3 2 0 0 3 1
3 2 0 0 3 2
3 2 0 0 3 3
3 2 0 1 0 0
3 2 0 1 1 0
3 2 0 1 1 2
3 2 0 1 2 0
3 2 0 1 3 0
3 2 0 1 3 1
3 2 0 1 3 2
3 2 0 1 3 3
3 2 0 2 0 1
3 2 0 2 2 0
3 2 0 2 2 2
3 2 0 2 2 3
3 2 0 2 3 0
3 2 0 2 3 1
3 2 0 2 3 2
3 2 0 2 3 3
3 2 0 3 0 1
3 2 0 3 0 3
3 2 0 3 1 3
3 2 0 3 3 0
3 2 0 3 3 1
3 2 0 3 3 2
3 2 0 3 3 3
3 2 1 0 0 1
3 2 1 0 3 0
3 2 1 0 3 1
3 2 1 0 3 2
3 2 1 1 0 3
3 2 1 1 2 2
3 2 1 1 3 0
3 2 1 1 3 1
3 2 1 1 3 2
3 2 1 2 1 0
3 2 1 2 2 3
3 2 1 2 3 0
3 2 1 2 3 1
3 2 1 2 3 3
3 2 1 3 0 0
3 2 1 3 0 2
3 2 1 3 1 0
3 2 1 3 1 2
3 2 1 3 3 0
3 2 1 3 3 1
3 2 1 3 3 2
3 2 1 3 3 3
3 2 2 0 3 1
3 2 2 0 3 3
3 2 2 2 1 0
3 2 2 2 3 0
3 2 2 2 3 1
3 2 2 2 3 2
3 2 2 2 3 3
3 2 2 3 0 0
3 2 2 3 3 0
3 2 2 3 3 1
3 2 2 3 3 2
3 3 0 0 1 0
3 3 0 0 1 1
3 3 0 0 2 0
3 3 0 0 2 2
3 3 0 0 2 3
3 3 0 1 0 0
3 3 0 1 0 1
3 3 0 1 1 2
3 3 0 1 1 3
3 3 0 1 2 0
3 3 0 1 2 1
3 3 0 1 3 2
3 3 0 1 3 3
3 3 0 2 0 2
3 3 0 2 1 3
3 3 0 2 2 1
3 3 0 2 2 3
3 3 0 2 3 0
3 3 0 3 0 0
3 3 0 3 0 1
3 3 0 3 1 0
3 3 0 3 2 1
3 3 1 0 0 3
3 3 1 0 1 3
3 3 1 0 2 0
3 3 1 0 2 3
3 3 1 0 3 2
3 3 1 0 3 3
3 3 1 1 0 2
3 3 1 1 1 2
3 3 1 2 0 0
3 3 1 3 0 2
3 3 1 3 1 1
3 3 1 3 2 3
3 3 2 0 3 0
3 3 2 2 0 2
3 3 2 3 1 0
4 -1 -1 0 0 0
4 -1 -1 0 0 1
4 -1 -1 0 0 2
4 -1 -1 0 0 3
4 -1 -1 0 1 1
4 -1 -1 0 1 2
4 -1 -1 0 1 3
4 -1 -1 0 2 0
4 -1 -1 0 2 1
4 -1 -1 0 2 2
4 -1 -1 0 2 3
4 -1 -1 0 3 0
4 -1 -1 0 3 1
4 -1 -1 1 0 0
4 -1 -1 1 0 1
4 -1 -1 1 0 2
4 -1 -1 1 1 1
4 -1 -1 1 1 2
4 -1 -1 1 2 1
4 -1 -1 1 2 2
4 -1 -1 1 2 3
4 -1 -1 1 3 0
4 -1 -1 1 3 2
4 -1 -1 1 3 3
4 -1 -1 2 0 0
4 -1 -1 2 0 2
4 -1 -1 2 0 3
4 -1 -1 2 1 0
4 -1 -1 2 1 1
4 -1 -1 2 1 2
4 -1 -1 2 1 3
4 -1 -1 2 2 0
4 -1 -1 2 2 1
4 -1 -1 2 2 2
4 -1 -1 2 3 1
4 -1 -1 3 0 1
4 -1 -1 3 0 2
4 -1 -1 3 1 0
4 -1 -1 3 1 2
4 -1 -1 3 1 3
4 -1 -1 3 2 0
4 -1 -1 3 2 1
4 -1 -1 3 3 0
4 -1 -1 3 3 1
5 -1 -1 0 0 0
5 -1 -1 0 0 1
5 -1 -1 0 0 2
5 -1 -1 0 0 3
5 -1 -1 0 1 1
5 -1 -1 0 2 0
5 -1 -1 0 2 1
5 -1 -1 0 2 3
5 -1 -1 0 3 0
5 -1 -1 1 0 1
5 -1 -1 1 0 2
5 -1 -1 1 0 3
5 -1 -1 1 1 1
5 -1 -1 1 1 2
5 -1 -1 1 1 3
5 -1 -1 1 2 0
5 -1 -1 1 2 1
5 -1 -1 1 2 2
5 -1 -1 1 3 0
5 -1 -1 1 3 1
5 -1 -1 1 3 2
5 -1 -1 1 3 3
5 -1 -1 2 0 0
5 -1 -1 2 0 1
5 -1 -1 2 0 2
5 -1 -1 2 1 0
5 -1 -1 2 1 1
5 -1 -1 2 1 2
5 -1 -1 2 1 3
5 -1 -1 2 2 0
5 -1 -1 2 2 1
5 -1 -1 2 2 2
5 -1 -1 2 2 3
5 -1 -1 2 3 0
5 -1 -1 2 3 1
5 -1 -1 2 3 3
5 -1 -1 3 0 0
5 -1 -1 3 0 1
5 -1 -1 3 0 2
5 -1 -1 3 0 3
5 -1 -1 3 1 0
5 -1 -1 3 1 1
5 -1 -1 3 1 2
5 -1 -1 3 2 0
5 -1 -1 3 2 1
5 -1 -1 3 3 0
5 -1 -1 3 3 1
5 -1 -1 3 3 2
5 -1 -1 3 3 3
6 -1 -1 0 0 0
6 -1 -1 0 0 1
6 -1 -1 0 0 2
6 -1 -1 0 1 0
6 -1 -1 0 1 2
6 -1 -1 0 2 0
6 -1 -1 0 2 1
6 -1 -1 0 2 2
6 -1 -1 0 2 3
6 -1 -1 0 3 0
6 -1 -1 1 0 0
6 -1 -1 1 0 2
6 -1 -1 1 0 3
6 -1 -1 1 1 0
6 -1 -1 1 1 1
6 -1 -1 1 1 3
6 -1 -1 1 2 0
6 -1 -1 1 2 3
6 -1 -1 1 3 1
6 -1 -1 1 3 2
6 -1 -1 2 0 0
6 -1 -1 2 0 1
6 -1 -1 2 0 2
6 -1 -1 2 0 3
6 -1 -1 2 1 0
6 -1 -1 2 1 1
6 -1 -1 2 2 1
6 -1 -1 2 3 0
6 -1 -1 2 3 2
6 -1 -1 3 0 0
6 -1 -1 3 0 1
6 -1 -1 3 0 2
6 -1 -1 3 1 1
6 -1 -1 3 1 2
6 -1 -1 3 1 3
6 -1 -1 3 2 0
6 -1 -1 3 2 1
6 -1 -1 3 2 3
6 -1 -1 3 3 0
6 -1 -1 3 3 1
6 -1 -1 3 3 3
7 -1 -1 0 0 0
7 -1 -1 0 0 1
7 -1 -1 0 0 2
7 -1 -1 0 0 3
7 -1 -1 0 1 0
7 -1 -1 0 1 1
7 -1 -1 0 1 2
7 -1 -1 0 2 0
7 -1 -1 0 2 1
7 -1 -1 0 2 3
7 -1 -1 0 3 0
7 -1 -1 0 3 2
7 -1 -1 0 3 3
7 -1 -1 1 0 0
7 -1 -1 1 0 3
7 -1 -1 1 1 0
7 -1 -1 1 1 1
7 -1 -1 1 1 2
7 -1 -1 1 1 3
7 -1 -1 1 2 0
7 -1 -1 1 2 1
7 -1 -1 1 2 2
7 -1 -1 1 2 3
7 -1 -1 1 3 0
7 -1 -1 1 3 1
7 -1 -1 1 3 2
7 -1 -1 2 0 0
7 -1 -1 2 0 1
7 -1 -1 2 1 0
7 -1 -1 2 1 1
7 -1 -1 2 1 3
7 -1 -1 2 2 0
7 -1 -1 2 2 1
7 -1 -1 2 2 2
7 -1 -1 2 3 0
7 -1 -1 2 3 2
7 -1 -1 2 3 3
7 -1 -1 3 0 0
7 -1 -1 3 0 1
7 -1 -1 3 0 3
7 -1 -1 3 1 0
7 -1 -1 3 1 1
7 -1 -1 3 1 2
7 -1 -1 3 1 3
7 -1 -1 3 2 1
7 -1 -1 3 2 2
7 -1 -1 3 2 3
8 -1 -1 0 0 0
8 -1 -1 0 0 1
8 -1 -1 0 0 2
8 -1 -1 0 0 3
8 -1 -1 0 1 0
8 -1 -1 0 1 1
8 -1 -1 0 1 2
8 -1 -1 0 2 0
8 -1 -1 0 2 2
8 -1 -1 0 2 3
8 -1 -1 0 3 2
8 -1 -1 1 0 0
8 -1 -1 1 0 1
8 -1 -1 1 0 2
8 -1 -1 1 0 3
8 -1 -1 1 1 0
8 -1 -1 1 1 1
8 -1 -1 1 1 2
8 -1 -1 1 2 0
8 -1 -1 1 2 2
8 -1 -1 1 2 3
8 -1 -1 1 3 1
8 -1 -1 1 3 3
8 -1 -1 2 0 0
8 -1 -1 2 0 1
8 -1 -1 2 0 3
8 -1 -1 2 1 0
8 -1 -1 2 1 1
8 -1 -1 2 1 2
8 -1 -1 2 1 3
8 -1 -1 2 2 0
8 -1 -1 2 2 1
8 -1 -1 2 2 2
8 -1 -1 2 2 3
8 -1 -1 2 3 0
8 -1 -1 2 3 3
8 -1 -1 3 0 0
8 -1 -1 3 0 1
8 -1 -1 3 0 3
8 -1 -1 3 1 1
8 -1 -1 3 1 3
8 -1 -1 3 2 1
8 -1 -1 3 2 3
8 -1 -1 3 3 0
8 -1 -1 3 3 1
8 -1 -1 3 3 3
9 -1 -1 0 0 0
9 -1 -1 0 0 1
9 -1 -1 0 0 2
9 -1 -1 0 0 3
9 -1 -1 0 1 0
9 -1 -1 0 1 1
9 -1 -1 0 1 2
9 -1 -1 0 1 3
9 -1 -1 0 2 0
9 -1 -1 0 2 1
9 -1 -1 0 3 1
9 -1 -1 0 3 3
9 -1 -1 1 0 0
9 -1 -1 1 0 1
9 -1 -1 1 0 2
9 -1 -1 1 1 0
9 -1 -1 1 1 1
9 -1 -1 1 1 2
9 -1 -1 1 1 3
9 -1 -1 1 2 0
9 -1 -1 1 2 2
9 -1 -1 1 2 3
9 -1 -1 1 3 0
9 -1 -1 1 3 1
9 -1 -1 1 3 3
9 -1 -1 2 0 0
9 -1 -1 2 0 1
9 -1 -1 2 0 2
9 -1 -1 2 1 0
9 -1 -1 2 1 3
9 -1 -1 2 2 0
9 -1 -1 2 2 1
9 -1 -1 2 2 2
9 -1 -1 2 3 0
9 -1 -1 2 3 1
9 -1 -1 2 3 2
9 -1 -1 2 3 3
9 -1 -1 3 0 0
9 -1 -1 3 0 1
9 -1 -1 3 0 2
9 -1 -1 3 1 0
9 -1 -1 3 1 1
9 -1 -1 3 1 2
9 -1 -1 3 2 0
9 -1 -1 3 2 2
9 -1 -1 3 2 3
9 -1 -1 3 3 0
9 -1 -1 3 3 1
10 -1 -1 0 0 0
10 -1 -1 0 0 1
10 -1 -1 0 0 2
10 -1 -1 0 0 3
10 -1 -1 0 1 0
10 -1 -1 0 1 1
10 -1 -1 0 1 3
10 -1 -1 0 2 0
10 -1 -1 0 2 2
10 -1 -1 0 2 3
10 -1 -1 0 3 1
10 -1 -1 0 3 3
10 -1 -1 1 0 0
10 -1 -1 1 1 0
10 -1 -1 1 1 1
10 -1 -1 1 1 2
10 -1 -1 1 2 0
10 -1 -1 1 2 2
10 -1 -1 1 2 3
10 -1 -1 1 3 0
10 -1 -1 2 0 1
10 -1 -1 2 0 2
10 -1 -1 2 1 0
10 -1 -1 2 1 1
10 -1 -1 2 1 2
10 -1 -1 2 2 0
10 -1 -1 2 2 1
10 -1 -1 2 2 3
10 -1 -1 2 3 1
10 -1 -1 3 0 1
10 -1 -1 3 0 2
10 -1 -1 3 0 3
10 -1 -1 3 1 0
10 -1 -1 3 1 1
10 -1 -1 3 1 2
10 -1 -1 3 1 3
10 -1 -1 3 2 0
10 -1 -1 3 2 2
10 -1 -1 3 3 0
10 -1 -1 3 3 1
10 -1 -1 3 3 3
11 -1 -1 0 0 1
11 -1 -1 0 0 2
11 -1 -1 0 0 3
11 -1 -1 0 1 0
11 -1 -1 0 1 1
11 -1 -1 0 2 0
11 -1 -1 0 2 3
11 -1 -1 0 3 0
11 -1 -1 0 3 1
11 -1 -1 0 3 3
11 -1 -1 1 0 1
11 -1 -1 1 0 2
11 -1 -1 1 0 3
11 -1 -1 1 1 0
11 -1 -1 1 1 1
11 -1 -1 1 1 2
11 -1 -1 1 1 3
11 -1 -1 1 2 0
11 -1 -1 1 2 1
11 -1 -1 1 2 2
11 -1 -1 1 3 2
11 -1 -1 1 3 3
11 -1 -1 2 0 0
11 -1 -1 2 0 1
11 -1 -1 2 0 2
11 -1 -1 2 1 0
11 -1 -1 2 1 1
11 -1 -1 2 1 2
11 -1 -1 2 2 0
11 -1 -1 2 2 1
11 -1 -1 2 2 2
11 -1 -1 2 2 3
11 -1 -1 2 3 2
11 -1 -1 2 3 3
11 -1 -1 3 0 0
11 -1 -1 3 0 1
11 -1 -1 3 0 2
11 -1 -1 3 0 3
11 -1 -1 3 1 0
11 -1 -1 3 1 1
11 -1 -1 3 1 2
11 -1 -1 3 2 0
11 -1 -1 3 2 1
11 -1 -1 3 2 2
11 -1 -1 3 3 0
11 -1 -1 3 3 2
12 -1 -1 0 0 0
12 -1 -1 0 0 1
12 -1 -1 0 1 0
12 -1 -1 0 1 1
12 -1 -1 0 1 2
12 -1 -1 0 1 3
12 -1 -1 0 2 0
12 -1 -1 0 2 1
12 -1 -1 0 2 2
12 -1 -1 0 2 3
12 -1 -1 0 3 1
12 -1 -1 0 3 3
12 -1 -1 1 0 0
12 -1 -1 1 0 2
12 -1 -1 1 1 0
12 -1 -1 1 2 2
12 -1 -1 1 3 0
12 -1 -1 1 3 1
12 -1 -1 1 3 3
12 -1 -1 2 0 1
12 -1 -1 2 0 2
12 -1 -1 2 1 0
12 -1 -1 2 1 1
12 -1 -1 2 1 3
12 -1 -1 2 2 0
12 -1 -1 2 2 2
12 -1 -1 2 2 3
12 -1 -1 2 3 2
12 -1 -1 2 3 3
12 -1 -1 3 0 0
12 -1 -1 3 0 1
12 -1 -1 3 0 2
12 -1 -1 3 0 3
12 -1 -1 3 1 0
12 -1 -1 3 1 1
12 -1 -1 3 1 2
12 -1 -1 3 1 3
12 -1 -1 3 2 0
12 -1 -1 3 2 1
12 -1 -1 3 3 0
13 -1 -1 0 0 0
13 -1 -1 0 0 1
13 -1 -1 0 0 2
13 -1 -1 0 0 3
13 -1 -1 0 1 0
13 -1 -1 0 1 1
13 -1 -1 0 1 3
13 -1 -1 0 2 0
13 -1 -1 0 2 1
13 -1 -1 0 2 3
13 -1 -1 0 3 0
13 -1 -1 0 3 1
13 -1 -1 0 3 3
13 -1 -1 1 0 0
13 -1 -1 1 1 0
13 -1 -1 1 1 1
13 -1 -1 1 1 2
13 -1 -1 1 1 3
13 -1 -1 1 2 0
13 -1 -1 1 2 1
13 -1 -1 1 2 2
13 -1 -1 1 2 3
13 -1 -1 1 3 0
13 -1 -1 1 3 1
13 -1 -1 2 0 0
13 -1 -1 2 0 2
13 -1 -1 2 1 0
13 -1 -1 2 1 1
13 -1 -1 2 1 3
13 -1 -1 2 2 0
13 -1 -1 2 2 2
13 -1 -1 2 2 3
13 -1 -1 2 3 0
13 -1 -1 2 3 1
13 -1 -1 2 3 2
13 -1 -1 2 3 3
13 -1 -1 3 0 0
13 -1 -1 3 0 1
13 -1 -1 3 0 2
13 -1 -1 3 0 3
13 -1 -1 3 1 0
13 -1 -1 3 1 1
13 -1 -1 3 1 3
13 -1 -1 3 2 2
13 -1 -1 3 2 3
13 -1 -1 3 3 0
13 -1 -1 3 3 2
14 -1 -1 0 0 0
14 -1 -1 0 0 1
14 -1 -1 0 0 2
14 -1 -1 0 0 3
14 -1 -1 0 1 1
14 -1 -1 0 2 0
14 -1 -1 0 2 3
14 -1 -1 0 3 1
14 -1 -1 0 3 2
14 -1 -1 1 0 0
14 -1 -1 1 0 1
14 -1 -1 1 0 2
14 -1 -1 1 1 0
14 -1 -1 1 1 2
14 -1 -1 1 1 3
14 -1 -1 1 2 0
14 -1 -1 1 2 1
14 -1 -1 1 2 2
14 -1 -1 1 2 3
14 -1 -1 1 3 0
14 -1 -1 1 3 2
14 -1 -1 1 3 3
14 -1 -1 2 0 0
14 -1 -1 2 0 2
14 -1 -1 2 1 0
14 -1 -1 2 1 1
14 -1 -1 2 1 2
14 -1 -1 2 1 3
14 -1 -1 2 2 0
14 -1 -1 2 2 1
14 -1 -1 2 2 2
14 -1 -1 2 3 2
14 -1 -1 3 0 1
14 -1 -1 3 0 3
14 -1 -1 3 1 0
14 -1 -1 3 2 0
14 -1 -1 3 2 1
14 -1 -1 3 3 1
14 -1 -1 3 3 2
15 -1 -1 0 0 0
15 -1 -1 0 0 1
15 -1 -1 0 0 3
15 -1 -1 0 1 0
15 -1 -1 0 1 1
15 -1 -1 0 1 2
15 -1 -1 0 2 0
15 -1 -1 0 2 1
15 -1 -1 0 3 0
15 -1 -1 0 3 1
15 -1 -1 0 3 2
15 -1 -1 1 0 0
15 -1 -1 1 0 1
15 -1 -1 1 0 2
15 -1 -1 1 1 0
15 -1 -1 1 1 1
15 -1 -1 1 1 2
15 -1 -1 1 1 3
15 -1 -1 1 2 0
15 -1 -1 1 2 1
15 -1 -1 1 2 3
15 -1 -1 1 3 0
15 -1 -1 1 3 1
15 -1 -1 1 3 3
15 -1 -1 2 0 0
15 -1 -1 2 0 2
15 -1 -1 2 0 3
15 -1 -1 2 1 1
15 -1 -1 2 1 3
15 -1 -1 2 2 0
15 -1 -1 2 2 1
15 -1 -1 2 2 2
15 -1 -1 2 2 3
15 -1 -1 2 3 1
15 -1 -1 2 3 2
15 -1 -1 3 0 2
15 -1 -1 3 1 1
15 -1 -1 3 1 3
15 -1 -1 3 2 0
15 -1 -1 3 2 1
15 -1 -1 3 2 2
15 -1 -1 3 3 1
15 -1 -1 3 3 2
16 -1 -1 0 0 0
16 -1 -1 0 0 1
16 -1 -1 0 0 2
16 -1 -1 0 1 1
16 -1 -1 0 1 2
16 -1 -1 0 2 0
16 -1 -1 0 2 1
16 -1 -1 0 2 2
16 -1 -1 0 3 0
16 -1 -1 0 3 1
16 -1 -1 0 3 2
16 -1 -1 1 0 0
16 -1 -1 1 0 1
16 -1 -1 1 0 3
16 -1 -1 1 1 0
16 -1 -1 1 1 1
16 -1 -1 1 1 3
16 -1 -1 1 2 0
16 -1 -1 1 2 1
16 -1 -1 1 2 2
16 -1 -1 1 3 0
16 -1 -1 1 3 1
16 -1 -1 1 3 3
16 -1 -1 2 0 1
16 -1 -1 2 0 2
16 -1 -1 2 0 3
16 -1 -1 2 1 0
16 -1 -1 2 1 1
16 -1 -1 2 1 2
16 -1 -1 2 1 3
16 -1 -1 2 2 0
16 -1 -1 2 2 1
16 -1 -1 2 2 2
16 -1 -1 2 2 3
16 -1 -1 2 3 0
16 -1 -1 2 3 1
16 -1 -1 2 3 2
16 -1 -1 2 3 3
16 -1 -1 3 0 1
16 -1 -1 3 0 3
16 -1 -1 3 1 1
16 -1 -1 3 2 0
16 -1 -1 3 2 1
16 -1 -1 3 2 2
16 -1 -1 3 3 0
16 -1 -1 3 3 1
16 -1 -1 3 3 2
16 -1 -1 3 3 3
17 -1 -1 0 0 0
17 -1 -1 0 0 2
17 -1 -1 0 0 3
17 -1 -1 0 1 0
17 -1 -1 0 1 1
17 -1 -1 0 1 2
17 -1 -1 0 2 1
17 -1 -1 0 2 3
17 -1 -1 0 3 1
17 -1 -1 0 3 2
17 -1 -1 1 0 0
17 -1 -1 1 0 2
17 -1 -1 1 1 0
17 -1 -1 1 1 1
17 -1 -1 1 1 2
17 -1 -1 1 1 3
17 -1 -1 1 2 0
17 -1 -1 1 2 2
17 -1 -1 1 3 0
17 -1 -1 1 3 2
17 -1 -1 2 0 0
17 -1 -1 2 0 1
17 -1 -1 2 0 3
17 -1 -1 2 1 0
17 -1 -1 2 1 1
17 -1 -1 2 1 2
17 -1 -1 2 1 3
17 -1 -1 2 2 1
17 -1 -1 2 2 3
17 -1 -1 2 3 0
17 -1 -1 2 3 1
17 -1 -1 2 3 3
17 -1 -1 3 0 0
17 -1 -1 3 0 1
17 -1 -1 3 0 2
17 -1 -1 3 0 3
17 -1 -1 3 1 0
17 -1 -1 3 1 1
17 -1 -1 3 2 0
17 -1 -1 3 2 2
17 -1 -1 3 2 3
17 -1 -1 3 3 3
18 -1 -1 0 0 0
18 -1 -1 0 0 2
18 -1 -1 0 0 3
18 -1 -1 0 1 2
18 -1 -1 0 2 1
18 -1 -1 0 2 2
18 -1 -1 0 3 0
18 -1 -1 0 3 1
18 -1 -1 0 3 2
18 -1 -1 1 0 0
18 -1 -1 1 0 1
18 -1 -1 1 0 2
18 -1 -1 1 0 3
18 -1 -1 1 2 0
18 -1 -1 1 2 1
18 -1 -1 1 2 2
18 -1 -1 1 3 0
18 -1 -1 1 3 3
18 -1 -1 2 0 0
18 -1 -1 2 0 1
18 -1 -1 2 0 2
18 -1 -1 2 0 3
18 -1 -1 2 1 3
18 -1 -1 2 2 0
18 -1 -1 2 2 1
18 -1 -1 2 2 2
18 -1 -1 2 2 3
18 -1 -1 2 3 0
18 -1 -1 2 3 1
18 -1 -1 2 3 3
18 -1 -1 3 0 3
18 -1 -1 3 1 0
18 -1 -1 3 1 1
18 -1 -1 3 1 2
18 -1 -1 3 1 3
18 -1 -1 3 2 0
18 -1 -1 3 2 1
18 -1 -1 3 3 0
18 -1 -1 3 3 1
18 -1 -1 3 3 2
18 -1 -1 3 3 3
19 -1 -1 0 0 0
19 -1 -1 0 0 2
19 -1 -1 0 0 3
19 -1 -1 0 1 0
19 -1 -1 0 1 1
19 -1 -1 0 1 2
19 -1 -1 0 2 0
19 -1 -1 0 2 1
19 -1 -1 0 3 1
19 -1 -1 0 3 2
19 -1 -1 0 3 3
19 -1 -1 1 0 1
19 -1 -1 1 0 2
19 -1 -1 1 0 3
19 -1 -1 1 1 2
19 -1 -1 1 1 3
19 -1 -1 1 2 0
19 -1 -1 1 2 1
19 -1 -1 1 3 0
19 -1 -1 1 3 3
19 -1 -1 2 0 0
19 -1 -1 2 1 2
19 -1 -1 2 1 3
19 -1 -1 2 2 0
19 -1 -1 2 2 1
19 -1 -1 2 2 2
19 -1 -1 2 3 0
19 -1 -1 2 3 2
19 -1 -1 3 0 0
19 -1 -1 3 0 1
19 -1 -1 3 0 2
19 -1 -1 3 0 3
19 -1 -1 3 1 0
19 -1 -1 3 1 2
19 -1 -1 3 1 3
19 -1 -1 3 2 3
19 -1 -1 3 3 0
19 -1 -1 3 3 2
19 -1 -1 3 3 3
20 -1 -1 0 0 1
20 -1 -1 0 0 2
20 -1 -1 0 1 3
20 -1 -1 0 2 0
20 -1 -1 0 2 1
20 -1 -1 0 2 2
20 -1 -1 0 2 3
20 -1 -1 0 3 0
20 -1 -1 0 3 1
20 -1 -1 1 0 1
20 -1 -1 1 0 2
20 -1 -1 1 0 3
20 -1 -1 1 1 1
20 -1 -1 1 2 0
20 -1 -1 1 2 1
20 -1 -1 1 2 2
20 -1 -1 1 2 3
20 -1 -1 1 3 0
20 -1 -1 1 3 2
20 -1 -1 2 0 1
20 -1 -1 2 0 3
20 -1 -1 2 1 0
20 -1 -1 2 1 1
20 -1 -1 2 1 2
20 -1 -1 2 2 0
20 -1 -1 2 2 3
20 -1 -1 2 3 1
20 -1 -1 2 3 2
20 -1 -1 2 3 3
20 -1 -1 3 0 0
20 -1 -1 3 0 1
20 -1 -1 3 0 2
20 -1 -1 3 0 3
20 -1 -1 3 1 2
20 -1 -1 3 2 0
20 -1 -1 3 2 2
20 -1 -1 3 3 0
20 -1 -1 3 3 1
20 -1 -1 3 3 2
21 -1 -1 0 0 0
21 -1 -1 0 0 2
21 -1 -1 0 1 2
21 -1 -1 0 1 3
21 -1 -1 0 2 0
21 -1 -1 0 2 1
21 -1 -1 0 2 2
21 -1 -1 0 3 0
21 -1 -1 0 3 1
21 -1 -1 0 3 2
21 -1 -1 0 3 3
21 -1 -1 1 0 2
21 -1 -1 1 1 0
21 -1 -1 1 1 1
21 -1 -1 1 1 2
21 -1 -1 1 1 3
21 -1 -1 1 2 2
21 -1 -1 1 2 3
21 -1 -1 1 3 0
21 -1 -1 1 3 1
21 -1 -1 1 3 2
21 -1 -1 2 0 0
21 -1 -1 2 0 1
21 -1 -1 2 0 3
21 -1 -1 2 1 0
21 -1 -1 2 1 1
21 -1 -1 2 1 3
21 -1 -1 2 2 2
21 -1 -1 2 2 3
21 -1 -1 2 3 0
21 -1 -1 2 3 1
21 -1 -1 3 0 1
21 -1 -1 3 0 2
21 -1 -1 3 0 3
21 -1 -1 3 1 1
21 -1 -1 3 1 2
21 -1 -1 3 2 0
21 -1 -1 3 2 1
21 -1 -1 3 2 3
21 -1 -1 3 3 0
21 -1 -1 3 3 1
21 -1 -1 3 3 3
22 -1 -1 0 0 0
22 -1 -1 0 0 1
22 -1 -1 0 0 2
22 -1 -1 0 0 3
22 -1 -1 0 1 1
22 -1 -1 0 1 2
22 -1 -1 0 2 0
22 -1 -1 0 2 1
22 -1 -1 0 2 2
22 -1 -1 0 3 0
22 -1 -1 0 3 1
22 -1 -1 0 3 2
22 -1 -1 0 3 3
22 -1 -1 1 0 1
22 -1 -1 1 0 2
22 -1 -1 1 0 3
22 -1 -1 1 1 1
22 -1 -1 1 1 2
22 -1 -1 1 2 1
22 -1 -1 1 2 2
22 -1 -1 1 2 3
22 -1 -1 1 3 1
22 -1 -1 1 3 2
22 -1 -1 1 3 3
22 -1 -1 2 0 0
22 -1 -1 2 0 1
22 -1 -1 2 1 0
22 -1 -1 2 1 1
22 -1 -1 2 1 2
22 -1 -1 2 2 0
22 -1 -1 2 2 1
22 -1 -1 2 2 2
22 -1 -1 2 2 3
22 -1 -1 3 0 0
22 -1 -1 3 0 1
22 -1 -1 3 0 2
22 -1 -1 3 1 0
22 -1 -1 3 1 1
22 -1 -1 3 1 3
22 -1 -1 3 2 0
22 -1 -1 3 2 1
22 -1 -1 3 2 3
22 -1 -1 3 3 0
22 -1 -1 3 3 1
22 -1 -1 3 3 2
22 -1 -1 3 3 3
23 -1 -1 0 0 0
23 -1 -1 0 0 1
23 -1 -1 0 0 2
23 -1 -1 0 0 3
23 -1 -1 0 1 0
23 -1 -1 0 1 1
23 -1 -1 0 1 3
23 -1 -1 0 2 2
23 -1 -1 0 3 0
23 -1 -1 0 3 2
23 -1 -1 0 3 3
23 -1 -1 1 0 0
23 -1 -1 1 0 2
23 -1 -1 1 0 3
23 -1 -1 1 2 0
23 -1 -1 1 2 2
23 -1 -1 1 3 0
23 -1 -1 1 3 1
23 -1 -1 1 3 2
23 -1 -1 2 0 0
23 -1 -1 2 0 2
23 -1 -1 2 1 0
23 -1 -1 2 1 1
23 -1 -1 2 1 2
23 -1 -1 2 1 3
23 -1 -1 2 2 1
23 -1 -1 2 2 2
23 -1 -1 3 0 0
23 -1 -1 3 0 2
23 -1 -1 3 0 3
23 -1 -1 3 1 2
23 -1 -1 3 1 3
23 -1 -1 3 2 1
23 -1 -1 3 2 2
23 -1 -1 3 3 0
24 -1 -1 0 0 2
24 -1 -1 0 1 0
24 -1 -1 0 1 2
24 -1 -1 0 1 3
24 -1 -1 0 2 0
24 -1 -1 0 2 2
24 -1 -1 0 2 3
24 -1 -1 0 3 0
24 -1 -1 0 3 1
24 -1 -1 1 0 1
24 -1 -1 1 1 1
24 -1 -1 1 2 0
24 -1 -1 1 2 1
24 -1 -1 1 2 3
24 -1 -1 2 0 1
24 -1 -1 2 0 2
24 -1 -1 2 0 3
24 -1 -1 2 1 0
24 -1 -1 3 0 0
24 -1 -1 3 0 1
24 -1 -1 3 0 2
24 -1 -1 3 0 3
24 -1 -1 3 1 0
24 -1 -1 3 1 1
24 -1 -1 3 2 0
24 -1 -1 3 2 3
24 -1 -1 3 3 1
24 -1 -1 3 3 3
25 -1 -1 0 0 0
25 -1 -1 0 0 1
25 -1 -1 0 1 0
25 -1 -1 0 1 1
25 -1 -1 0 1 2
25 -1 -1 0 1 3
25 -1 -1 0 2 2
25 -1 -1 0 3 2
25 -1 -1 0 3 3
25 -1 -1 1 0 0
25 -1 -1 1 1 0
25 -1 -1 1 2 0
25 -1 -1 1 2 1
25 -1 -1 1 2 3
25 -1 -1 1 3 1
25 -1 -1 2 0 0
25 -1 -1 2 0 2
25 -1 -1 2 1 0
25 -1 -1 2 1 1
25 -1 -1 2 1 2
25 -1 -1 2 2 0
25 -1 -1 2 2 2
25 -1 -1 2 3 0
25 -1 -1 2 3 3
25 -1 -1 3 0 0
25 -1 -1 3 0 2
25 -1 -1 3 1 3
25 -1 -1 3 2 2
26 -1 -1 0 0 1
26 -1 -1 0 1 2
26 -1 -1 0 2 2
26 -1 -1 0 2 3
26 -1 -1 0 3 1
26 -1 -1 0 3 2
26 -1 -1 1 0 2
26 -1 -1 1 1 1
26 -1 -1 1 1 3
26 -1 -1 1 2 0
26 -1 -1 1 2 3
26 -1 -1 1 3 0
26 -1 -1 1 3 2
26 -1 -1 2 0 1
26 -1 -1 2 1 2
26 -1 -1 2 2 0
26 -1 -1 2 2 1
26 -1 -1 2 2 2
26 -1 -1 2 3 0
26 -1 -1 2 3 3
26 -1 -1 3 0 0
26 -1 -1 3 0 3
26 -1 -1 3 1 3
26 -1 -1 3 2 3
26 -1 -1 3 3 0
26 -1 -1 3 3 3
27 -1 -1 0 1 0
27 -1 -1 0 1 1
27 -1 -1 0 2 0
27 -1 -1 0 2 1
27 -1 -1 0 2 2
27 -1 -1 0 3 0
27 -1 -1 1 1 2
27 -1 -1 1 1 3
27 -1 -1 1 3 0
27 -1 -1 1 3 2
27 -1 -1 1 3 3
27 -1 -1 2 0 0
27 -1 -1 2 0 2
27 -1 -1 2 0 3
27 -1 -1 2 1 1
27 -1 -1 2 1 2
27 -1 -1 2 1 3
27 -1 -1 2 2 3
27 -1 -1 2 3 0
27 -1 -1 2 3 1
27 -1 -1 3 0 1
27 -1 -1 3 0 2
27 -1 -1 3 1 3
27 -1 -1 3 2 2
27 -1 -1 3 3 2
28 -1 -1 0 0 0
28 -1 -1 0 0 3
28 -1 -1 0 1 0
28 -1 -1 0 2 0
28 -1 -1 0 3 2
28 -1 -1 1 1 2
28 -1 -1 1 2 1
28 -1 -1 1 3 0
28 -1 -1 2 0 1
28 -1 -1 2 0 2
28 -1 -1 2 2 0
28 -1 -1 2 2 1
28 -1 -1 2 2 2
28 -1 -1 2 3 3
28 -1 -1 3 1 0
28 -1 -1 3 1 2
28 -1 -1 3 2 1
28 -1 -1 3 2 2
28 -1 -1 3 3 0
28 -1 -1 3 3 2
29 -1 -1 0 0 0
29 -1 -1 0 0 3
29 -1 -1 0 3 3
29 -1 -1 1 0 3
29 -1 -1 1 1 1
29 -1 -1 1 2 2
29 -1 -1 1 3 1
29 -1 -1 2 3 0
29 -1 -1 2 3 2
29 -1 -1 3 0 0
29 -1 -1 3 0 1
29 -1 -1 3 1 2
29 -1 -1 3 2 0
29 -1 -1 3 2 1
29 -1 -1 3 3 0
29 -1 -1 3 3 1
29 -1 -1 3 3 2
29 -1 -1 3 3 3
30 -1 -1 0 0 0
30 -1 -1 0 3 2
30 -1 -1 0 3 3
30 -1 -1 1 0 1
30 -1 -1 2 0 0
30 -1 -1 2 2 0
30 -1 -1 2 2 2
30 -1 -1 2 2 3
30 -1 -1 2 3 0
30 -1 -1 3 0 2
30 -1 -1 3 1 0
30 -1 -1 3 1 1
30 -1 -1 3 2 3
31 -1 -1 0 1 1
31 -1 -1 0 2 3
31 -1 -1 0 3 1
31 -1 -1 0 3 3
31 -1 -1 1 1 0
31 -1 -1 1 2 2
31 -1 -1 1 3 1
31 -1 -1 2 0 1
31 -1 -1 2 1 2
31 -1 -1 2 2 1
31 -1 -1 2 3 1
31 -1 -1 3 0 1
31 -1 -1 3 1 1
31 -1 -1 3 2 0
31 -1 -1 3 3 1
31 -1 -1 3 3 3
32 -1 -1 0 2 1
32 -1 -1 1 0 3
32 -1 -1 2 1 1
32 -1 -1 2 3 1
32 -1 -1 3 2 2
32 -1 -1 3 3 0
32 -1 -1 3 3 3
33 -1 -1 0 2 2
33 -1 -1 1 2 0
33 -1 -1 1 2 3
33 -1 -1 3 3 2
34 -1 -1 1 1 2
34 -1 -1 3 0 3
35 -1 -1 0 1 0
35 -1 -1 3 2 1
